clap2(15), -11,33,-68,-18,36,-61,-27,40,-44,-33,40,-25,-35,38,-8,-34,40,-6,-27,51,-33,-29,51,-38,-40,41,-14,-39,44,-23,-33,47,-32,-40,42,-16,-48,38,-4,-53,37,-2,-52,38,-9
clap2(10), -49,37,-5,-38,47,-26,-33,50,-40,-42,42,-23,-48,40,-8,-43,44,-18,-34,48,-34,-34,49,-33,-37,47,-26,-44,42,-13
clap2(10), -46,39,-9,-37,45,-28,-32,50,-39,-39,47,-24,-45,43,-9,-40,45,-18,-34,50,-34,-36,50,-29,-40,47,-18,-44,42,-10
clap2(10), -45,42,-9,-37,48,-28,-34,50,-35,-39,47,-20,-44,44,-7,-40,46,-18,-34,51,-33,-36,51,-28,-40,48,-17,-44,43,-9
clap2(11), -46,41,-7,-42,44,-15,-36,50,-30,-35,51,-32,-40,46,-15,-44,42,-2,-39,46,-15,-35,51,-31,-37,52,-28,-40,49,-18,-43,44,-11
clap2(13), -48,41,-9,-48,39,-3,-46,39,-1,-37,47,-20,-35,53,-33,-41,51,-23,-44,45,-8,-45,41,0,-40,46,-15,-36,52,-29,-38,52,-25,-41,49,-19,-43,45,-12
clap2(11), -46,41,-6,-38,47,-20,-34,53,-34,-40,51,-24,-44,45,-6,-46,40,4,-37,45,-13,-33,52,-32,-38,54,-29,-40,52,-19,-43,45,-7
clap2(13), -48,42,-9,-48,41,-2,-46,41,-1,-36,49,-20,-34,53,-34,-41,50,-23,-44,44,-6,-46,39,5,-38,45,-13,-34,53,-32,-40,51,-19,-43,44,-6,-46,39,1
clap2(11), -47,40,-1,-42,44,-10,-37,51,-28,-36,53,-33,-40,48,-17,-44,42,-2,-39,46,-11,-35,50,-27,-38,51,-29,-40,53,-22,-42,47,-10
clap2(15), -48,38,2,-44,41,-2,-37,51,-24,-35,56,-37,-38,51,-26,-42,44,-6,-45,38,8,-43,41,2,-37,50,-24,-35,55,-39,-37,54,-28,-40,49,-11,-44,41,1,-46,37,2,-48,39,-5
clap2(13), -46,41,-1,-38,48,-21,-35,53,-35,-40,49,-21,-44,43,-2,-44,40,2,-38,48,-19,-36,54,-37,-38,54,-28,-41,48,-12,-44,41,-1,-46,36,2,-48,37,-3
clap2(11), -46,39,-2,-39,48,-15,-34,54,-33,-37,51,-29,-42,47,-11,-44,42,3,-36,47,-12,-33,53,-30,-38,53,-26,-41,51,-16,-44,45,-5
clap2(12), -48,38,-5,-48,38,3,-44,42,0,-38,50,-22,-36,54,-34,-39,51,-21,-42,44,-5,-38,46,-9,-34,50,-25,-36,51,-29,-39,53,-23,-41,47,-11
clap2(10), -46,40,-1,-36,48,-20,-34,53,-35,-40,50,-22,-43,45,-5,-41,45,-5,-36,50,-23,-36,53,-32,-38,53,-24,-41,47,-10
clap2(12), -47,41,-5,-47,40,1,-44,42,0,-37,50,-20,-34,56,-33,-38,54,-21,-42,47,-5,-42,43,2,-36,50,-16,-34,56,-30,-37,57,-23,-40,52,-15
clap2(15), -51,33,-11,-51,30,-3,-48,31,3,-43,39,-3,-35,52,-21,-33,61,-31,-36,59,-22,-39,50,-4,-40,43,12,-33,49,-2,-30,60,-22,-36,49,2,-40,41,10,-42,42,4,-44,46,-7
clap2(11), -44,42,6,-35,54,-10,-30,59,-28,-35,52,-21,-40,47,-1,-43,42,13,-36,49,-6,-31,58,-23,-34,58,-16,-37,53,-6,-40,47,1
clap2(12), -40,49,-4,-42,46,3,-35,51,-8,-31,58,-22,-36,55,-13,-40,49,1,-42,45,9,-34,51,-5,-30,58,-19,-37,57,-13,-38,54,-6,-39,50,-1
clap2(12), -40,49,-5,-42,46,2,-41,47,4,-35,55,-13,-32,59,-21,-36,53,-5,-41,47,7,-33,50,-5,-30,57,-20,-36,57,-16,-38,54,-7,-40,47,1
clap2(10), -42,45,5,-36,53,-12,-31,59,-24,-36,53,-7,-41,46,11,-33,50,0,-29,57,-19,-37,57,-14,-38,55,-4,-40,49,2
clap2(10), -42,46,5,-34,52,-9,-31,58,-23,-37,56,-12,-41,49,4,-40,47,6,-34,54,-12,-33,58,-20,-37,55,-8,-39,49,0
clap2(11), -43,46,6,-35,52,-6,-31,58,-19,-38,55,-10,-42,48,5,-42,44,13,-36,52,-6,-32,59,-20,-35,57,-11,-39,51,-1,-41,46,5
clap2(11), -44,45,6,-44,42,13,-37,51,-2,-33,61,-16,-38,54,-2,-42,44,14,-34,50,3,-31,58,-12,-38,56,-8,-39,54,-2,-41,48,6
clap2(12), -44,46,5,-44,42,12,-42,42,16,-36,54,-5,-33,61,-17,-37,54,-1,-42,45,14,-36,48,4,-31,58,-13,-36,59,-10,-38,55,-1,-41,49,6
clap2(10), -43,43,11,-34,55,-3,-38,57,-6,-40,48,10,-42,41,20,-36,51,2,-33,63,-15,-35,59,-6,-38,53,3,-40,46,8
clap2(12), -45,44,9,-44,41,14,-42,43,13,-37,56,-7,-33,63,-18,-35,56,-3,-41,45,14,-35,53,7,-31,59,-9,-37,54,-9,-38,54,-2,-40,49,6
clap2(13), -44,46,6,-45,43,12,-43,42,16,-36,52,-1,-34,61,-16,-38,56,-5,-41,47,11,-42,41,19,-35,49,3,-32,60,-15,-37,61,-9,-39,55,2,-41,46,10
clap2(11), -42,43,13,-36,53,-3,-34,61,-16,-37,57,-7,-41,47,9,-43,40,19,-34,47,5,-31,59,-12,-37,62,-10,-39,58,-1,-40,50,6
clap2(11), -43,44,11,-36,53,-4,-33,61,-16,-37,57,-5,-41,47,11,-42,41,18,-36,50,0,-35,61,-11,-39,54,-1,-40,47,6,-41,43,8
clap2(11), -43,42,11,-36,54,-2,-32,63,-17,-36,57,-9,-40,49,7,-42,40,19,-33,50,3,-31,60,-14,-38,57,-9,-39,54,-1,-41,48,7
clap2(11), -43,42,13,-35,54,-2,-32,63,-16,-37,57,-9,-39,50,5,-42,41,16,-33,49,3,-31,59,-14,-38,58,-10,-39,55,-1,-40,48,8
clap2(10), -42,43,10,-36,54,-2,-33,61,-16,-36,57,-11,-38,51,2,-41,43,15,-34,52,4,-38,57,-10,-39,56,-2,-41,49,6
clap2(13), -45,44,6,-44,41,12,-42,43,13,-37,55,-7,-34,62,-19,-36,56,-5,-40,45,12,-41,39,19,-35,51,-1,-31,64,-19,-34,64,-11,-37,55,0,-39,46,8
clap2(13), -45,45,5,-44,41,12,-42,41,14,-34,54,-4,-32,63,-20,-38,59,-9,-40,49,6,-41,42,15,-33,50,0,-31,60,-16,-39,60,-10,-40,55,-1,-41,48,7
clap2(12), -44,45,5,-44,42,11,-36,57,-9,-33,63,-20,-36,56,-4,-41,44,13,-40,41,16,-34,53,-5,-32,64,-19,-35,62,-10,-38,54,1,-40,45,9
clap2(12), -43,41,14,-34,55,-4,-31,64,-20,-37,59,-12,-39,51,3,-42,40,19,-39,40,20,-34,55,-4,-34,65,-19,-36,60,-9,-38,52,1,-40,44,7
clap2(12), -44,44,6,-45,42,13,-39,50,3,-34,61,-15,-36,58,-12,-39,49,4,-42,41,16,-34,51,2,-32,61,-14,-38,59,-10,-39,55,-4,-40,47,6
