random(11), 20,55,-52,25,47,-45,32,36,-33,45,40,-15,54,54,-2,57,46,4,61,19,2,63,2,-3,56,7,-1,49,15,-1,45,17,-6
random(12), 44,21,-17,50,27,-36,66,23,-54,82,33,-66,74,33,-61,54,29,-54,33,22,-45,16,11,-38,0,1,-36,-13,-6,-34,-23,-9,-30,-29,-8,-29
random(11), -32,-2,-30,-33,7,-33,-29,16,-39,-20,26,-45,-6,34,-49,8,39,-49,24,46,-45,40,52,-41,49,55,-37,49,57,-33,43,62,-30
random(45), 67,41,4,74,41,3,80,43,-2,84,38,-10,83,24,-19,71,8,-26,55,-3,-29,46,-5,-32,52,15,-33,69,26,-37,81,15,-34,79,21,-14,66,38,6,53,41,15,51,40,14,57,46,4,68,49,-26,83,36,-44,83,15,-35,64,9,-31,47,14,-25,35,17,-15,33,16,-11,70,23,-18,84,27,-26,85,24,-24,73,16,-24,51,18,-25,42,40,-23,48,47,-23,57,45,-26,67,59,-24,72,66,-19,61,52,-16,42,33,-14,28,22,-15,23,21,-15,28,28,-19,40,28,-19,71,33,-21,92,43,-25,80,32,-21,67,25,-17,60,31,-15,56,34,-15
random(15), 64,37,-17,80,39,-20,88,36,-21,74,28,-22,50,24,-23,32,19,-22,21,15,-18,21,15,-15,38,17,-13,72,30,-20,88,30,-27,81,17,-21,72,21,-14,61,32,-13,56,36,-13
random(16), 62,18,-24,54,22,-19,36,47,2,21,60,24,12,33,42,5,27,44,-1,27,46,-8,31,47,-11,51,49,-15,64,59,-10,46,34,-6,28,-14,-10,26,-35,-9,28,-45,-8,32,-51,-9,35,-53
random(28), 3,33,-49,8,35,-43,17,33,-34,29,29,-21,46,49,-3,59,84,-10,59,78,-20,52,61,-11,48,66,-12,49,54,-20,45,37,-32,33,30,-39,19,29,-39,9,30,-34,1,40,-29,-3,54,-23,-5,57,-16,-6,58,-12,-6,55,-9,-2,36,-2,29,16,-5,76,26,-18,90,25,-23,72,24,-4,60,37,-2,55,39,-3,58,39,-4,64,37,-5
random(21), 67,18,3,55,26,15,49,31,18,51,35,14,61,40,14,76,23,5,87,-16,0,85,-24,5,80,-20,-3,83,-19,-2,80,5,8,74,30,15,68,44,22,64,41,27,57,30,24,50,20,18,67,22,-8,72,25,-32,72,26,-34,69,21,-22,64,20,-13
random(16), 61,24,-3,59,27,5,59,28,11,60,29,15,64,31,12,71,31,-2,78,5,-14,79,-18,-17,77,-9,-16,74,13,-8,71,36,-3,63,44,1,48,41,4,34,35,5,31,31,7,37,32,9
random(10), 57,26,9,59,34,5,63,31,-3,69,1,-8,75,-16,-11,73,-1,-10,67,17,-5,63,27,-2,59,34,2,54,35,3
random(12), 58,28,-11,52,26,-3,49,24,4,52,27,6,59,37,-1,74,14,-16,79,-14,-26,71,1,-22,66,22,-19,59,31,-17,51,30,-16,43,29,-16
random(10), 55,22,3,59,22,-5,66,18,-24,68,23,-35,67,23,-26,65,18,-7,49,40,21,43,39,30,35,36,34,29,36,35
random(14), 27,37,40,26,43,41,25,51,34,24,53,32,25,70,39,27,59,43,25,30,15,22,27,-21,22,25,-40,22,32,-33,21,50,-17,19,59,-14,20,60,-12,20,72,-13
random(11), 16,69,-20,11,54,-33,8,39,-47,8,27,-42,8,34,-19,10,46,2,12,50,24,5,46,50,-3,41,57,-3,41,50,0,41,53
random(13), -1,50,48,3,68,50,9,69,35,15,41,5,15,9,-50,6,6,-60,0,4,-54,-11,17,-30,-25,38,-7,-34,43,6,-38,37,18,-38,29,28,-32,28,28
random(11), 8,53,21,21,53,20,39,46,26,56,32,25,77,-10,-4,90,-19,-26,81,12,-18,66,23,-4,62,32,2,70,25,-2,74,22,-13
random(11), 70,28,-24,59,25,-25,47,27,-17,35,36,-13,24,36,-14,18,31,-17,30,42,-25,44,53,-29,38,51,-27,34,49,-29,42,45,-41
random(21), 46,36,-49,38,28,-21,17,34,6,-2,44,14,-11,62,20,-14,91,23,-15,60,16,-16,26,-6,-18,25,-27,-25,9,-33,-30,7,-34,-20,27,-47,-11,41,-54,-15,33,-41,-12,30,-33,-2,30,-35,13,34,-44,29,39,-60,36,37,-66,37,35,-60,37,34,-54
random(12), 40,39,-57,33,45,-58,17,43,-57,3,34,-53,-5,23,-46,-14,6,-37,-19,-2,-36,-7,6,-47,9,24,-61,13,37,-60,11,32,-54,6,31,-56
random(18), 64,37,-16,65,17,-5,64,14,5,58,38,1,57,32,-5,60,29,-14,55,36,-8,42,45,8,37,48,16,33,45,22,24,56,35,17,72,66,23,23,57,22,-2,7,13,25,-24,15,25,-39,16,24,-40,18,24,-38
random(16), 50,19,-39,48,22,-34,48,24,-30,49,23,-27,51,27,-24,49,43,-12,39,55,3,30,55,10,30,55,13,31,76,32,31,56,29,30,15,-8,25,12,-31,23,13,-42,23,16,-50,22,17,-54
random(19), 8,42,-13,23,38,-24,45,42,-29,63,29,-39,60,15,-45,57,24,-39,54,19,-32,51,36,-23,49,52,4,60,27,14,64,12,-13,54,8,-24,55,9,-27,59,18,-36,53,23,-38,37,22,-30,35,17,-27,46,23,-34,49,25,-44
random(19), -9,62,-29,-10,54,-33,-9,40,-41,-6,32,-53,-4,25,-49,2,18,-35,18,21,-18,44,42,-16,71,57,-14,87,51,-15,85,44,-29,70,30,-35,56,15,-25,47,21,-8,37,40,8,30,49,19,29,52,22,28,54,20,27,55,19
random(15), 26,53,20,27,39,20,38,16,12,69,7,24,88,14,42,78,6,37,70,-8,33,66,-5,32,62,10,32,68,12,10,71,4,0,62,0,18,59,-3,24,59,-2,26,57,2,26
random(16), 37,35,-39,38,27,-38,40,23,-40,51,28,-26,50,43,-5,39,56,0,31,42,11,29,33,22,36,43,25,46,55,24,56,66,-1,57,63,-12,51,51,3,48,45,7,47,46,6,46,55,1
random(16), 45,67,-7,43,60,-16,35,39,-21,21,41,-16,10,55,0,6,56,17,4,47,27,1,40,35,-8,54,45,-9,65,46,-11,65,31,-14,65,5,-17,65,-16,-18,59,-27,-18,49,-32,-21,41,-35
random(11), 40,39,45,45,37,38,52,38,36,58,40,38,63,40,35,69,36,19,71,25,-5,62,11,1,56,11,12,57,22,6,60,29,7
random(14), 58,34,-36,49,28,-36,43,19,-19,38,15,3,32,25,20,35,35,24,46,37,26,60,43,28,70,52,8,71,47,-5,63,33,7,57,26,15,59,27,11,64,28,1
random(11), 64,21,-9,62,18,-21,62,25,-33,60,43,-39,50,49,-41,31,41,-45,14,31,-37,0,18,-27,-14,13,-33,-25,12,-41,-32,12,-46
random(11), -39,17,-45,-44,25,-37,-47,33,-31,-47,39,-28,-39,49,-23,-13,65,-32,-1,72,-29,-13,57,-14,-21,50,-15,-24,56,-14,-23,57,-15
random(12), -21,60,-18,-17,55,-20,-14,40,-23,-7,28,-26,9,24,-26,31,28,-18,67,42,-12,92,49,-17,87,34,-21,75,27,-18,63,31,-15,57,31,-16
random(22), 61,35,-18,73,45,-23,82,50,-25,75,54,-23,59,53,-19,44,43,-16,32,34,-9,27,29,0,30,31,8,42,35,16,61,50,18,74,70,19,90,25,15,90,-20,-1,78,-16,-13,81,-14,-17,80,8,-11,69,36,1,56,53,12,43,52,18,31,43,17,26,39,7
random(24), 25,35,-4,56,13,-20,80,27,-28,92,18,-22,89,20,-8,77,33,3,62,35,6,54,32,8,54,35,9,62,44,-1,75,53,-12,78,64,-2,67,70,16,51,60,26,30,44,27,10,32,21,-8,29,15,-29,41,29,-39,17,22,-41,-2,-10,-47,16,-28,-45,16,-36,-42,15,-40,-41,14,-42
random(12), -29,47,-49,-27,41,-49,-22,30,-44,-17,14,-37,-9,37,-5,-4,66,29,-5,59,24,-4,53,15,8,68,14,6,72,14,5,71,14,6,67,15
random(17), -15,51,-54,-22,52,-54,-23,41,-49,-18,26,-52,-12,13,-59,-9,7,-57,-11,9,-42,-9,20,-30,-1,29,-30,6,46,-38,10,69,-42,12,80,-42,21,67,-50,33,43,-58,32,37,-53,24,47,-45,23,48,-46
random(13), 14,40,47,12,54,51,11,57,46,5,44,22,-1,40,-6,-2,39,-27,-3,39,-36,-5,42,-32,-7,54,-18,-7,64,0,-7,64,12,-8,62,16,-7,60,18
random(12), -32,22,-48,-30,18,-42,-21,15,-32,-6,25,-35,25,48,-33,47,45,-31,55,58,-31,56,64,-18,56,62,-2,56,54,2,54,46,-7,45,43,-16
