swipeup(18), -9,28,-69,-10,30,-62,-10,33,-51,-6,31,-44,2,27,-44,13,28,-56,30,46,-78,55,68,-89,63,68,-57,50,36,-33,28,7,-19,3,-11,11,-18,-33,16,-31,-39,0,-38,-37,-17,-44,-35,-26,-46,-31,-31,-42,-25,-33
swipeup(21), -34,-24,-29,-32,-31,-30,-30,-39,-34,-28,-39,-43,-26,-30,-55,-16,-11,-71,-12,-4,-72,-7,-1,-68,-3,4,-65,10,19,-74,35,58,-83,62,86,-74,61,55,-51,50,26,-25,33,13,5,2,-14,26,-19,-29,19,-29,-40,3,-33,-46,-10,-32,-42,-21,-30,-36,-32
swipeup(13), 7,16,-59,17,29,-65,36,73,-74,55,99,-64,62,50,-51,56,19,-33,32,16,0,2,-12,21,-19,-30,17,-29,-38,0,-34,-41,-12,-37,-41,-23,-39,-42,-29
swipeup(17), -34,-34,-36,-33,-29,-41,-32,-22,-46,-29,-14,-52,-23,-8,-59,-3,13,-71,11,43,-73,36,92,-70,44,93,-41,48,45,-25,44,11,-20,13,-5,9,-12,-19,22,-26,-31,15,-33,-38,4,-37,-39,-6,-38,-38,-15
swipeup(16), -24,-2,-66,-19,3,-67,-13,8,-67,-6,19,-70,5,50,-73,28,103,-69,46,104,-39,62,42,-27,60,12,-23,30,4,9,5,-20,30,-13,-38,25,-24,-47,9,-30,-49,-5,-33,-42,-16,-35,-35,-24
swipeup(15), -17,29,-66,-10,34,-65,-5,33,-63,-1,35,-67,8,55,-76,24,95,-74,41,70,-26,32,26,-15,14,14,5,-6,-15,20,-22,-31,20,-30,-40,9,-32,-39,-2,-33,-36,-10,-34,-36,-18
swipeup(12), 1,50,-59,15,70,-68,36,110,-77,44,122,-39,49,72,-11,42,24,-11,15,4,11,-8,-19,23,-22,-31,17,-28,-36,4,-32,-36,-9,-35,-34,-21
swipeup(12), -4,28,-59,4,43,-68,20,78,-84,39,104,-72,39,65,-50,30,27,-35,17,17,-7,-5,-8,14,-28,-28,0,-33,-30,-13,-35,-29,-23,-36,-26,-33
swipeup(12), -3,29,-61,2,34,-59,13,55,-67,30,90,-74,32,89,-50,32,47,-39,29,17,-35,6,-1,-6,-13,-20,11,-25,-29,11,-31,-32,2,-34,-33,-9
swipeup(20), -15,16,-61,-9,26,-55,2,45,-45,17,72,-43,39,109,-52,44,108,-30,44,57,-16,35,21,-18,7,2,3,-13,-18,17,-24,-28,14,-28,-31,1,-32,-27,-23,-31,-15,-35,-25,1,-48,-18,20,-60,-13,36,-68,-9,40,-70,-7,41,-66,-4,40,-62
swipeup(11), 2,41,-52,4,52,-64,14,89,-64,17,97,-35,16,51,-34,13,17,-34,-1,0,-5,-14,-17,7,-23,-24,3,-29,-26,-9,-32,-27,-18
swipeup(18), -4,40,-52,2,53,-56,16,88,-63,28,111,-50,27,74,-40,25,38,-39,19,23,-15,5,-5,13,-9,-22,19,-22,-28,3,-30,-28,-30,-35,-16,-41,-34,-6,-49,-29,6,-57,-23,19,-63,-16,27,-67,-12,31,-67,-9,33,-64
swipeup(18), 2,34,-53,2,35,-61,10,60,-71,25,99,-66,27,91,-38,26,50,-28,23,19,-22,5,-6,8,-10,-26,19,-21,-33,7,-27,-34,-9,-31,-30,-20,-32,-14,-32,-28,3,-47,-24,13,-59,-15,19,-64,-6,28,-69,-3,35,-72
swipeup(16), 2,30,-56,2,36,-64,11,82,-66,26,120,-37,31,64,-21,26,14,-23,14,7,-2,-6,-17,16,-23,-30,-2,-27,-27,-17,-30,-18,-32,-31,0,-44,-29,17,-56,-24,25,-66,-19,29,-69,-15,32,-68
swipeup(11), -1,36,-52,-1,45,-60,11,86,-69,27,106,-53,24,63,-42,13,25,-35,3,8,-7,-8,-14,9,-18,-25,6,-25,-29,-6,-29,-27,-18
swipeup(16), -4,37,-55,-3,44,-59,7,80,-65,18,105,-44,26,64,-42,24,19,-46,10,2,-10,-3,-16,12,-12,-26,12,-20,-27,-1,-27,-24,-14,-29,-17,-29,-27,10,-61,-23,20,-65,-19,29,-64,-14,39,-64
swipeup(16), -2,40,-53,-1,63,-66,15,102,-72,19,83,-48,16,40,-35,17,22,-25,7,-4,5,-4,-20,16,-14,-22,5,-25,-18,-11,-32,-7,-26,-32,10,-43,-28,26,-55,-23,38,-62,-18,45,-65,-13,47,-65
swipeup(16), -6,42,-49,-7,57,-71,6,88,-89,11,91,-58,8,59,-36,10,27,-25,1,1,6,-8,-17,15,-16,-21,1,-25,-17,-14,-32,-1,-28,-33,14,-44,-26,30,-65,-21,34,-68,-17,37,-67,-13,37,-64
swipeup(17), -7,40,-47,-9,41,-55,-3,68,-71,15,103,-67,19,78,-50,12,39,-36,6,16,-8,-3,-12,13,-10,-24,10,-17,-25,-3,-23,-14,-15,-26,8,-31,-27,28,-49,-25,39,-61,-19,45,-66,-14,47,-64,-11,47,-60
swipeup(16), -3,44,-46,-7,45,-58,-8,64,-76,0,86,-66,1,69,-55,-4,35,-45,-5,9,-14,-9,-12,3,-14,-18,-2,-26,-5,-22,-25,14,-36,-22,34,-52,-21,47,-61,-17,50,-65,-14,48,-64,-10,46,-58
swipeup(16), -3,43,-47,-6,45,-56,-6,68,-77,4,87,-78,4,70,-66,1,41,-45,3,12,-7,-3,-12,12,-10,-22,5,-18,-22,-9,-25,-9,-21,-30,12,-36,-31,27,-51,-30,35,-61,-26,40,-66,-22,42,-65
swipeup(15), -9,40,-46,-10,41,-52,-9,61,-73,4,87,-83,6,69,-75,0,36,-52,2,13,-13,-1,-9,11,-5,-20,7,-14,-22,-6,-27,12,-37,-30,26,-54,-29,34,-65,-24,38,-69,-19,39,-67
swipeup(15), -8,39,-50,-13,52,-62,-6,85,-79,-3,79,-73,-5,46,-58,1,23,-30,-1,-4,5,-3,-19,10,-10,-22,-2,-18,-11,-14,-23,9,-31,-27,27,-52,-26,36,-64,-22,39,-68,-19,42,-68
swipeup(15), -7,42,-48,-11,43,-56,-12,63,-74,-3,81,-75,-4,60,-65,-6,35,-51,-1,16,-20,-6,-7,4,-12,-17,2,-21,-17,-9,-28,-9,-21,-29,22,-52,-26,31,-64,-22,37,-68,-18,39,-67
swipeup(16), -6,40,-48,-8,44,-56,-11,58,-80,-3,77,-92,2,64,-79,5,41,-54,7,25,-16,1,-3,11,-5,-18,10,-15,-19,-4,-24,-9,-18,-28,7,-37,-28,23,-56,-27,30,-67,-24,32,-68,-20,35,-68
swipeup(16), -7,37,-51,-12,39,-56,-15,59,-70,2,83,-81,15,58,-78,15,29,-58,12,18,-22,2,-7,5,-7,-20,10,-15,-21,0,-22,-12,-14,-22,7,-34,-17,30,-73,-16,35,-74,-14,39,-70,-11,39,-64
swipeup(16), -5,40,-53,-11,45,-67,-6,58,-91,-2,69,-83,-5,59,-66,0,33,-44,1,5,-4,-2,-15,12,-6,-20,4,-15,-15,-12,-22,-1,-29,-23,19,-51,-23,34,-67,-22,41,-72,-18,40,-69,-14,41,-64
swipeup(16), -6,41,-50,-10,46,-63,-8,68,-86,-4,82,-75,-6,62,-60,-3,37,-45,-1,16,-12,-6,-9,5,-11,-20,1,-18,-21,-11,-24,-13,-23,-28,6,-38,-30,25,-55,-29,35,-67,-18,37,-68,-12,39,-63
swipeup(15), -6,40,-54,-9,45,-76,-8,62,-103,0,68,-103,11,51,-70,12,26,-19,4,-2,10,-1,-19,5,-10,-21,-11,-19,-14,-23,-21,0,-39,-24,17,-55,-26,27,-65,-24,31,-71,-20,34,-72
swipeup(20), -6,40,-54,-9,41,-67,-2,52,-84,12,65,-88,6,53,-79,0,32,-53,1,12,-14,-3,-11,11,-6,-21,7,-13,-21,-6,-21,-13,-20,-24,4,-36,-23,23,-52,-23,35,-66,-23,42,-74,-19,43,-73,-11,42,-58,-8,41,-52,-6,40,-50,-6,40,-49
swipeup(17), -6,41,-52,-5,43,-58,-5,48,-74,5,77,-85,5,74,-74,5,50,-59,15,34,-28,11,-1,9,6,-22,12,-4,-26,-4,-15,-20,-19,-21,-10,-33,-27,9,-45,-30,29,-55,-30,41,-64,-25,44,-69,-18,43,-67
swipeup(16), -7,42,-51,-12,48,-76,-4,66,-98,-3,66,-84,-6,48,-62,2,29,-30,-2,1,2,-4,-16,5,-9,-21,-5,-16,-13,-18,-21,4,-37,-24,23,-55,-24,35,-66,-20,39,-73,-12,40,-66,-9,40,-60
swipeup(14), -8,36,-53,-13,51,-72,-3,86,-90,5,78,-71,8,48,-55,17,28,-32,13,-5,8,4,-24,15,-8,-24,-1,-22,-15,-21,-31,-4,-37,-35,7,-45,-34,20,-51,-30,32,-58
swipeup(15), -7,26,-49,1,33,-63,17,70,-75,33,84,-44,33,35,-33,20,-2,-32,3,-12,0,-12,-22,9,-20,-23,-2,-25,-14,-18,-27,-11,-37,-30,5,-66,-28,12,-70,-25,17,-70,-22,20,-68
swipeup(14), -14,22,-57,-15,27,-71,-6,59,-85,11,82,-64,20,47,-55,17,10,-44,7,-6,-4,-7,-19,9,-18,-22,-2,-27,-18,-20,-31,-13,-39,-30,-7,-52,-27,3,-61,-23,11,-70
swipeup(14), -12,15,-61,-9,34,-79,11,71,-89,19,64,-64,25,37,-46,29,12,-22,7,-15,14,-10,-24,12,-22,-17,-9,-29,-13,-29,-30,-17,-45,-29,-15,-56,-27,-9,-64,-26,-3,-69
swipeup(16), -16,17,-57,-13,22,-62,-7,34,-78,4,57,-94,23,79,-70,29,47,-44,19,4,-25,6,-12,5,-11,-27,12,-22,-23,-3,-28,-13,-24,-27,-15,-40,-23,-13,-57,-19,-6,-69,-16,-6,-72,-18,-3,-67
