swipeleft(14), -35,9,-51,-41,16,-42,-48,36,-17,-49,56,23,-35,63,51,-27,76,56,-10,87,31,11,64,-1,1,7,-13,-18,-17,-28,-32,-10,-38,-41,-14,-39,-49,-11,-38,-53,-9,-35
swipeleft(13), -58,-6,-27,-60,-6,-17,-60,5,-1,-56,37,25,-47,58,57,-33,65,62,-15,75,26,-4,62,-15,-14,34,-33,-29,10,-36,-37,-2,-39,-45,-6,-41,-53,-6,-37
swipeleft(11), -60,-3,-22,-63,-5,-15,-63,-2,-5,-61,24,4,-54,50,7,-43,70,20,-31,79,18,-22,46,-31,-29,34,-33,-36,30,-33,-42,26,-33
swipeleft(13), -57,0,-27,-60,-3,-19,-62,-3,-8,-61,13,4,-51,30,2,-35,65,35,-20,85,46,-12,65,-3,-15,47,-28,-26,30,-36,-37,20,-39,-44,9,-39,-49,2,-37
swipeleft(13), -60,3,-22,-62,-3,-15,-64,-1,-5,-62,28,10,-49,50,23,-35,67,34,-20,75,20,-6,61,-20,-7,37,-42,-16,16,-48,-27,11,-49,-38,10,-46,-51,12,-37
swipeleft(12), -57,2,-24,-57,-5,-19,-62,1,-11,-60,30,-5,-55,52,11,-45,60,23,-31,66,4,-23,56,-19,-23,38,-30,-30,26,-34,-38,22,-36,-48,18,-36
swipeleft(11), -58,3,-23,-60,-1,-16,-61,4,-3,-55,34,8,-47,64,34,-38,63,41,-34,59,10,-34,55,-10,-35,43,-17,-41,34,-21,-48,29,-21
swipeleft(15), -59,4,-23,-61,0,-17,-60,1,-9,-57,15,0,-47,48,-5,-38,75,15,-34,72,28,-29,63,-4,-29,55,-24,-34,42,-30,-42,31,-28,-55,17,-20,-58,12,-21,-61,11,-19,-62,9,-19
swipeleft(11), -57,-4,-25,-57,-5,-17,-56,2,-5,-51,33,0,-49,57,23,-47,61,35,-37,63,5,-30,54,-20,-31,42,-29,-39,34,-31,-49,27,-27
swipeleft(12), -58,-4,-15,-57,4,-6,-54,31,9,-53,58,34,-49,64,37,-37,66,9,-29,61,-17,-27,41,-28,-33,26,-31,-43,22,-30,-52,16,-27,-56,9,-27
swipeleft(14), -59,14,-23,-57,9,-27,-56,8,-28,-57,5,-24,-57,7,-16,-55,25,-11,-55,41,-3,-52,55,15,-43,72,14,-31,63,-12,-28,46,-25,-34,37,-26,-41,33,-24,-48,26,-22
swipeleft(10), -61,8,-17,-60,11,-10,-55,32,-9,-53,46,17,-48,54,35,-40,60,12,-34,55,-10,-30,45,-19,-32,39,-22,-39,30,-24
swipeleft(14), -57,12,-23,-57,8,-18,-56,20,-4,-52,36,12,-48,58,34,-42,77,28,-30,73,-3,-23,59,-15,-26,46,-20,-37,33,-19,-48,13,-19,-55,1,-22,-59,-2,-22,-60,-3,-22
swipeleft(12), -54,-9,-31,-54,-12,-23,-54,-11,-11,-56,12,1,-54,40,13,-52,61,21,-48,70,8,-38,54,-13,-33,36,-22,-35,30,-26,-39,30,-28,-47,34,-25
swipeleft(13), -57,-9,-23,-57,-14,-18,-58,-12,-9,-57,15,4,-46,41,30,-34,63,39,-30,78,6,-28,57,-24,-31,31,-32,-36,15,-32,-43,3,-27,-50,-2,-24,-56,-2,-22
swipeleft(10), -56,-7,-23,-54,-6,-15,-53,22,-4,-53,51,12,-54,64,22,-39,54,-17,-33,40,-26,-36,30,-27,-44,22,-25,-52,12,-21
swipeleft(12), -58,-5,-23,-61,-8,-14,-66,4,-1,-61,33,14,-51,64,34,-41,69,30,-33,58,3,-35,47,-15,-42,31,-23,-49,20,-22,-52,8,-21,-54,3,-23
swipeleft(15), -55,-1,-33,-55,-5,-28,-57,-9,-20,-58,1,-9,-53,33,8,-48,59,31,-43,68,38,-38,67,9,-32,57,-17,-31,40,-26,-36,25,-29,-45,11,-25,-54,2,-23,-59,2,-25,-60,3,-27
swipeleft(15), -53,-12,-31,-53,-16,-24,-54,-12,-7,-50,4,14,-43,34,32,-42,75,56,-37,92,47,-24,74,1,-19,47,-25,-26,31,-34,-36,19,-33,-46,7,-28,-53,1,-25,-56,-3,-23,-58,-4,-23
swipeleft(13), -53,-16,-30,-53,-19,-22,-57,-12,-9,-63,13,10,-57,44,22,-50,66,32,-42,70,23,-30,59,-9,-29,41,-28,-37,27,-34,-45,20,-33,-53,9,-32,-58,4,-32
swipeleft(12), -56,-13,-23,-58,-13,-15,-60,3,2,-54,28,12,-46,63,32,-29,58,-7,-26,44,-26,-32,26,-34,-41,13,-32,-50,3,-29,-55,2,-29,-58,7,-29
swipeleft(10), -56,0,-24,-56,4,-15,-54,29,-9,-55,51,11,-50,61,21,-38,62,-4,-32,48,-23,-33,32,-26,-39,20,-24,-46,9,-23
swipeleft(13), -57,13,-33,-54,6,-30,-54,0,-23,-53,-1,-12,-53,27,-1,-52,48,17,-47,61,25,-42,71,6,-36,55,-16,-34,38,-24,-37,25,-25,-43,18,-25,-48,14,-26
swipeleft(12), -57,11,-31,-55,6,-28,-55,-1,-23,-56,-1,-13,-55,24,0,-53,66,18,-38,77,10,-31,58,-16,-29,40,-26,-34,28,-26,-43,21,-24,-52,17,-25
swipeleft(13), -53,4,-32,-55,-1,-26,-56,-1,-15,-54,15,0,-46,39,5,-41,66,19,-42,78,20,-39,66,-4,-37,50,-14,-40,35,-15,-45,21,-19,-49,13,-24,-54,9,-26
swipeleft(14), -55,-4,-31,-55,-9,-26,-56,-12,-16,-53,4,-1,-44,32,6,-38,68,30,-38,88,32,-34,74,-2,-32,54,-15,-34,34,-18,-39,16,-22,-47,4,-26,-52,-3,-28,-54,-4,-30
swipeleft(13), -50,-15,-32,-50,-18,-25,-51,13,-3,-56,37,9,-54,58,27,-46,71,17,-36,55,-12,-32,39,-21,-37,25,-22,-42,10,-22,-47,2,-25,-52,3,-29,-57,7,-32
swipeleft(18), 4,40,-53,3,46,-57,-4,48,-59,-14,39,-58,-21,25,-53,-29,15,-42,-36,25,-32,-39,56,-20,-44,80,0,-38,81,8,-23,67,-9,-19,46,-24,-23,35,-25,-32,31,-23,-40,18,-24,-46,7,-33,-50,6,-41,-54,7,-44
swipeleft(12), -47,-5,-41,-51,-7,-25,-56,5,-10,-55,75,29,-42,84,29,-21,67,-5,-13,38,-30,-18,11,-40,-28,-3,-45,-37,-8,-46,-45,-8,-45,-50,-6,-41
swipeleft(13), -48,-21,-34,-51,-22,-21,-56,-7,0,-61,22,30,-60,44,57,-45,65,52,-23,78,15,-8,60,-16,-11,22,-29,-25,-4,-38,-34,-12,-43,-42,-16,-44,-49,-16,-44
swipeleft(13), -45,-30,-30,-47,-32,-21,-51,-26,-10,-58,6,15,-57,44,42,-46,69,43,-35,76,13,-20,56,-21,-17,24,-35,-25,4,-41,-36,-5,-41,-44,-12,-40,-51,-11,-38
swipeleft(16), -55,-14,-29,-52,-19,-31,-51,-21,-31,-54,-24,-22,-56,-19,-8,-57,10,14,-53,44,39,-43,70,37,-31,83,5,-19,64,-21,-17,34,-32,-27,12,-37,-37,-1,-39,-46,-7,-39,-52,-7,-37,-55,-4,-35
swipeleft(12), -52,-14,-34,-55,-18,-22,-57,-11,-6,-53,23,9,-46,56,36,-37,72,37,-27,73,-2,-21,56,-29,-22,38,-34,-30,26,-36,-40,17,-35,-48,9,-33
swipeleft(12), -54,-5,-32,-57,-10,-24,-59,-6,-15,-61,22,0,-56,45,19,-45,62,28,-27,50,-20,-27,34,-31,-34,15,-35,-43,3,-36,-52,0,-36,-57,0,-36
swipeleft(11), -55,-11,-29,-58,-12,-20,-59,0,-11,-59,17,-4,-58,41,19,-50,54,24,-40,48,-4,-38,42,-18,-39,33,-21,-45,27,-22,-48,21,-25
swipeleft(15), -54,-5,-33,-54,-11,-29,-56,-15,-20,-57,-8,-7,-56,19,7,-55,48,24,-48,66,24,-39,70,-1,-31,56,-19,-30,38,-25,-35,23,-24,-43,6,-25,-50,-6,-30,-56,-7,-35,-60,-4,-37
swipeleft(15), -53,-16,-32,-53,-20,-27,-52,-23,-17,-51,-17,-5,-52,13,13,-50,44,26,-46,71,37,-42,74,25,-34,60,-8,-30,51,-23,-34,35,-30,-41,21,-31,-48,8,-30,-53,3,-30,-55,1,-32
