swiperight(18), -20,18,-52,-16,8,-49,-12,-2,-52,3,-18,-63,31,-48,-78,50,-48,-82,64,1,-72,46,57,-40,5,74,-18,-16,61,-20,-29,55,-21,-38,46,-24,-39,28,-31,-35,12,-42,-33,-2,-52,-33,-10,-59,-30,-12,-67,-23,-14,-69
swiperight(16), -31,-20,-50,-23,-24,-52,-2,-37,-66,22,-50,-86,38,-32,-91,41,29,-66,-14,69,-19,-30,54,-22,-43,43,-24,-48,31,-28,-46,21,-36,-41,13,-48,-35,4,-59,-28,-4,-66,-23,-11,-66,-21,-17,-61
swiperight(11), -30,-24,-48,-16,-35,-59,1,-50,-76,7,-33,-79,13,16,-70,9,55,-49,-15,59,-32,-30,47,-27,-38,44,-28,-43,44,-29,-46,40,-29
swiperight(11), -24,-17,-56,-14,-23,-61,4,-42,-78,23,-55,-89,49,-18,-76,49,47,-46,16,71,-26,-8,65,-23,-21,59,-25,-31,50,-27,-37,43,-30
swiperight(12), -18,-13,-62,-14,-16,-65,-3,-29,-75,9,-41,-83,16,-33,-81,21,11,-65,9,57,-40,-13,62,-27,-27,49,-26,-35,39,-30,-40,34,-34,-43,31,-35
swiperight(11), -14,-17,-62,-3,-31,-73,13,-45,-87,20,-28,-88,19,23,-66,5,59,-38,-18,55,-25,-32,44,-24,-39,41,-27,-42,41,-29,-43,38,-31
swiperight(12), -16,-17,-59,-8,-27,-66,8,-44,-78,21,-46,-83,36,1,-73,30,57,-48,2,64,-31,-18,50,-32,-40,34,-37,-44,24,-38,-44,13,-41,-42,2,-45
swiperight(14), -30,-11,-57,-23,-20,-66,-13,-41,-79,-4,-56,-85,21,-29,-78,31,29,-51,6,56,-28,-14,45,-27,-27,31,-30,-35,16,-35,-38,1,-39,-37,-9,-44,-36,-14,-50,-35,-13,-58
swiperight(12), -33,-4,-56,-30,-9,-61,-18,-24,-72,-4,-37,-87,8,-23,-91,7,26,-64,-16,58,-24,-36,44,-7,-45,24,-10,-49,15,-15,-52,15,-14,-53,17,-14
swiperight(12), -28,-2,-58,-26,-6,-63,-14,-24,-77,-2,-30,-91,6,-7,-83,-3,37,-47,-25,56,-18,-38,35,-12,-45,19,-16,-49,13,-18,-51,12,-20,-50,13,-24
swiperight(11), -25,4,-60,-19,-4,-68,-4,-28,-78,6,-28,-86,14,12,-83,5,44,-54,-22,47,-22,-36,29,-14,-43,17,-17,-46,15,-20,-47,16,-23
swiperight(13), -23,3,-67,-22,-1,-62,-14,-14,-72,-1,-35,-88,6,-30,-90,15,18,-71,5,52,-36,-19,44,-13,-32,20,-16,-42,7,-20,-48,2,-21,-51,3,-23,-50,7,-26
swiperight(11), -25,-2,-64,-18,-20,-77,-6,-37,-86,6,-19,-78,-1,26,-58,-22,45,-35,-36,29,-24,-43,13,-24,-46,7,-26,-45,6,-28,-44,5,-32
swiperight(11), -23,-1,-59,-17,-14,-69,-3,-41,-83,11,-28,-89,18,25,-78,4,50,-47,-21,42,-25,-41,14,-25,-45,9,-26,-46,11,-28,-44,13,-29
swiperight(11), -28,2,-59,-18,-16,-70,-3,-39,-86,19,-18,-96,19,37,-70,-11,57,-26,-29,36,-13,-36,12,-19,-41,2,-24,-43,0,-27,-44,4,-28
swiperight(14), -22,-3,-71,-25,-1,-63,-27,-1,-57,-26,-5,-56,-18,-18,-68,-2,-37,-91,14,-29,-103,21,19,-79,6,54,-36,-18,49,-16,-31,31,-20,-38,21,-26,-39,19,-30,-40,20,-32
swiperight(11), -30,12,-57,-23,1,-67,-11,-29,-80,1,-39,-90,18,-2,-88,15,38,-57,-8,46,-29,-24,31,-25,-33,21,-29,-36,17,-34,-38,15,-34
swiperight(14), -24,5,-72,-22,-1,-71,-23,-1,-65,-24,2,-61,-21,-4,-65,-9,-32,-74,3,-50,-85,18,-19,-84,17,30,-62,-5,47,-38,-21,34,-33,-28,21,-37,-31,17,-41,-33,18,-43
swiperight(10), -21,4,-62,-13,-10,-72,3,-40,-86,13,-35,-85,16,45,-47,-10,43,-29,-25,29,-33,-33,23,-40,-35,22,-44,-35,21,-44
swiperight(11), -16,12,-67,-11,5,-71,1,-22,-82,10,-30,-86,19,9,-79,14,44,-59,-9,46,-39,-24,31,-35,-29,19,-39,-32,16,-42,-31,18,-45
swiperight(12), -16,4,-67,-12,-4,-71,-3,-23,-84,7,-37,-92,21,-12,-82,18,35,-54,-7,49,-33,-24,34,-34,-31,21,-40,-33,19,-42,-33,20,-42,-34,21,-40
swiperight(11), -21,13,-63,-18,8,-68,-7,-20,-80,6,-36,-85,20,-9,-78,19,32,-58,-2,49,-41,-19,39,-38,-27,27,-40,-32,22,-42,-32,21,-42
swiperight(11), -19,11,-66,-15,4,-70,-4,-19,-80,8,-35,-85,20,-7,-82,15,37,-60,-5,46,-40,-18,32,-37,-27,19,-38,-31,15,-41,-31,17,-44
swiperight(11), -17,5,-67,-13,-9,-80,-1,-36,-87,10,-29,-78,16,23,-64,6,51,-43,-13,39,-40,-30,16,-43,-31,17,-45,-31,20,-45,-29,22,-45
swiperight(10), -16,8,-66,-7,-15,-79,7,-26,-95,13,-5,-93,5,25,-67,-13,37,-40,-25,27,-30,-30,16,-34,-33,10,-39,-34,12,-41
swiperight(13), -15,5,-75,-16,9,-70,-14,5,-69,-6,-11,-79,5,-36,-86,15,-27,-81,14,23,-63,-2,48,-41,-17,35,-35,-25,20,-39,-28,14,-44,-29,16,-46,-28,20,-46
swiperight(10), -17,13,-63,-15,7,-64,7,-40,-88,18,-18,-89,14,24,-69,-8,39,-45,-22,28,-37,-27,16,-39,-29,11,-42,-30,13,-45
swiperight(11), -13,4,-65,-7,-9,-73,2,-35,-83,8,-42,-84,26,-8,-74,27,33,-53,5,40,-40,-9,29,-43,-16,23,-50,-20,22,-53,-24,23,-51
swiperight(11), -20,9,-62,-16,3,-72,0,-28,-82,14,-40,-79,28,1,-75,22,40,-59,-5,42,-43,-20,29,-42,-27,22,-43,-30,20,-44,-32,24,-43
swiperight(12), -14,1,-71,-16,5,-66,-2,-8,-75,13,-36,-83,16,-38,-80,22,3,-71,16,38,-57,-4,38,-47,-16,25,-48,-21,18,-52,-23,17,-53,-24,18,-53
swiperight(11), -15,16,-61,-12,11,-67,2,-16,-81,15,-39,-84,26,-11,-75,27,37,-59,6,49,-43,-11,36,-42,-21,25,-45,-27,18,-48,-29,16,-51
swiperight(10), -10,0,-71,1,-24,-80,11,-39,-82,23,-14,-76,22,27,-57,1,41,-41,-14,28,-42,-21,20,-48,-25,17,-52,-27,14,-53
swiperight(12), -11,8,-68,-6,-1,-72,6,-26,-81,11,-44,-77,22,-14,-69,22,35,-54,1,47,-39,-14,32,-43,-22,18,-52,-28,13,-55,-31,12,-53,-31,14,-50
swiperight(12), -17,13,-63,-12,5,-70,-2,-15,-80,6,-37,-80,21,-21,-72,22,30,-53,1,49,-35,-15,33,-38,-23,21,-46,-28,18,-50,-31,17,-50,-32,18,-48
swiperight(12), -14,15,-64,-12,10,-67,1,-16,-76,22,-40,-83,35,-20,-82,25,24,-63,0,41,-43,-14,30,-42,-23,14,-51,-25,17,-53,-27,20,-52,-27,18,-53
swiperight(11), -11,7,-64,2,-8,-71,20,-36,-82,34,-34,-87,35,9,-77,12,40,-54,-10,38,-43,-19,25,-47,-24,15,-52,-27,10,-54,-29,10,-53
swiperight(11), -5,8,-68,7,-8,-78,19,-34,-85,30,-28,-88,27,16,-73,3,38,-44,-13,27,-36,-21,12,-42,-26,7,-49,-28,7,-54,-27,11,-54
