upup(23), 2,36,-55,3,44,-59,0,47,-63,-7,37,-58,-9,21,-52,-3,11,-53,1,11,-56,1,15,-62,-1,30,-85,2,42,-91,6,30,-61,1,6,-32,-14,15,-43,-11,51,-69,6,40,-61,5,7,-29,-5,-8,-4,-16,-14,-13,-20,-5,-39,-15,9,-66,-12,15,-76,-12,17,-74,-12,17,-70
upup(16), -10,14,-62,-8,29,-81,7,46,-78,14,36,-48,0,15,-28,0,29,-76,9,30,-77,0,12,-47,-9,-4,-17,-17,-13,-18,-19,-7,-34,-13,2,-54,-6,9,-73,-4,13,-79,-4,13,-75,-3,13,-70
upup(16), -2,11,-67,-1,24,-87,6,41,-74,12,24,-44,3,2,-24,-15,-1,-34,-7,22,-72,-6,36,-76,-9,16,-54,-7,-3,-29,-19,-11,-26,-26,-7,-39,-24,1,-53,-20,10,-64,-17,15,-66,-12,17,-64
upup(16), -1,24,-59,-1,22,-68,7,45,-72,1,40,-59,-8,15,-36,-5,6,-26,-14,10,-47,-6,38,-77,-1,40,-79,-5,16,-44,-5,-4,-19,-17,-8,-25,-24,-4,-39,-22,-2,-54,-18,-4,-68,-14,-4,-73
upup(14), -7,8,-54,-3,22,-72,16,44,-91,16,38,-76,4,19,-40,1,8,-25,-10,10,-45,2,26,-70,5,24,-78,-8,9,-55,-17,-1,-30,-29,-5,-29,-33,0,-39,-27,-6,-49
upup(17), -9,9,-58,-5,28,-81,14,37,-82,15,22,-64,-5,9,-36,-12,4,-20,-16,11,-50,-5,27,-72,0,23,-76,-11,12,-53,-19,2,-26,-28,-7,-24,-30,-3,-36,-24,-1,-55,-18,-2,-68,-14,0,-70,-12,4,-67
upup(17), -6,11,-57,-5,13,-69,7,34,-93,16,41,-86,16,29,-47,6,16,-10,-2,7,-14,13,17,-65,28,27,-93,18,23,-80,-4,11,-40,-14,1,-15,-17,2,-30,-17,4,-51,-13,7,-65,-9,13,-69,-5,15,-71
upup(17), 0,17,-59,3,33,-74,17,54,-78,22,41,-64,7,16,-25,0,4,-7,6,15,-54,17,30,-86,13,20,-83,-5,3,-45,-16,-4,-20,-21,-4,-30,-20,1,-46,-13,8,-59,-6,13,-66,-1,16,-71,2,17,-69
upup(17), 4,19,-58,10,35,-75,26,58,-79,31,42,-57,11,16,-18,-6,10,-16,-1,14,-56,6,24,-70,0,20,-72,-15,10,-49,-23,3,-25,-25,-3,-30,-21,-1,-45,-12,1,-62,-6,4,-69,-2,11,-72,1,13,-71
upup(17), 5,20,-63,4,17,-55,6,19,-62,19,53,-79,19,56,-74,10,26,-42,4,14,-17,-10,4,-34,-1,21,-70,6,32,-73,-1,16,-56,-8,3,-36,-21,-4,-27,-24,-4,-42,-22,-4,-57,-18,-4,-63,-13,3,-67
upup(17), -3,14,-59,-3,24,-75,8,40,-86,5,26,-70,-6,8,-38,-10,5,-19,-20,7,-42,-2,26,-76,6,16,-81,-9,-2,-53,-16,-7,-23,-25,-17,-19,-26,-10,-32,-21,-3,-48,-16,0,-61,-11,7,-68,-8,11,-69
upup(18), -2,14,-63,-1,39,-78,5,50,-70,5,24,-54,-4,6,-35,-10,-1,-25,-8,13,-55,-3,28,-72,-3,20,-78,-12,5,-58,-23,-6,-32,-30,-8,-34,-29,-4,-38,-21,-2,-50,-15,3,-65,-13,9,-71,-11,12,-69,-9,13,-66
upup(18), -5,13,-60,3,50,-70,7,54,-69,4,24,-46,-2,16,-21,-14,5,-33,-5,25,-67,-4,29,-70,-14,7,-54,-21,-1,-32,-32,-6,-21,-34,-3,-30,-28,2,-41,-18,11,-54,-7,21,-65,-1,26,-71,0,27,-68,-1,28,-63
upup(18), 0,27,-55,4,26,-62,5,24,-62,5,17,-60,6,42,-65,12,73,-47,9,43,-40,-7,8,-37,-17,-2,-17,-18,-3,-27,-13,28,-54,-7,51,-68,-3,42,-72,-9,21,-50,-22,-1,-24,-28,-7,-29,-29,-1,-40,-24,3,-53
upup(17), -4,17,-58,-3,37,-79,12,44,-78,11,30,-59,-9,16,-35,-18,11,-31,-10,23,-60,-12,18,-70,-19,8,-60,-20,5,-39,-31,-1,-30,-34,3,-34,-27,7,-47,-18,10,-62,-12,13,-67,-8,14,-68,-6,16,-67
upup(13), -3,17,-54,-3,41,-61,11,47,-52,-2,13,-29,-10,7,-18,-9,15,-46,4,27,-70,8,20,-72,-7,9,-44,-20,4,-28,-24,3,-39,-21,4,-50,-15,6,-60
upup(14), 0,20,-60,0,36,-79,11,50,-82,8,33,-57,-6,14,-20,-6,6,-13,-1,20,-55,14,34,-85,13,29,-85,-6,14,-49,-15,1,-22,-22,-1,-32,-22,1,-45,-16,5,-59
upup(13), 0,16,-54,8,40,-74,25,44,-87,25,31,-63,4,23,-24,-7,10,-21,-5,17,-59,-5,14,-66,-6,5,-63,-13,2,-46,-24,4,-42,-20,9,-55,-15,14,-65
upup(14), -3,18,-55,2,33,-75,18,43,-78,15,32,-66,-3,17,-45,-9,5,-24,-14,6,-46,0,24,-73,11,32,-88,1,12,-57,-10,0,-25,-19,2,-32,-22,6,-47,-19,8,-59
upup(14), 2,19,-63,3,33,-84,5,30,-82,9,19,-55,1,16,-28,-10,7,-20,-11,18,-50,5,32,-80,15,32,-89,2,18,-57,-12,4,-28,-21,4,-37,-24,3,-48,-23,3,-55
upup(15), -2,15,-61,-2,27,-78,13,41,-87,9,30,-71,-8,10,-36,-8,0,-6,-14,-3,-17,-11,14,-56,7,36,-88,5,31,-90,-7,15,-59,-12,4,-23,-23,0,-24,-29,3,-38,-26,5,-50
upup(14), -7,20,-59,-6,36,-82,5,34,-81,5,16,-54,-10,8,-27,-16,3,-26,-15,17,-56,-6,27,-68,-10,18,-72,-22,2,-49,-25,-1,-30,-26,4,-39,-22,9,-51,-19,11,-58
upup(13), -4,21,-56,-3,28,-74,9,36,-81,6,34,-69,-8,21,-42,-12,6,-19,-16,7,-40,4,28,-87,-8,19,-65,-14,6,-31,-25,0,-27,-28,2,-36,-25,4,-46
upup(14), -4,18,-58,-3,27,-74,7,38,-76,4,38,-63,-11,23,-40,-14,8,-24,-14,12,-50,-1,23,-73,0,30,-80,-14,21,-56,-21,7,-29,-27,1,-30,-26,2,-42,-21,1,-54
upup(18), -6,15,-57,-5,22,-74,6,35,-81,-3,29,-71,-16,15,-49,-11,9,-25,-17,8,-41,-9,27,-67,-9,29,-76,-17,14,-62,-16,4,-37,-26,-5,-29,-28,-1,-36,-22,5,-48,-16,9,-63,-11,11,-71,-8,12,-72,-6,14,-68
upup(18), -6,18,-57,-4,25,-70,5,41,-78,3,38,-82,-1,13,-55,0,-2,-18,-12,-2,-32,-10,20,-61,-18,26,-77,-25,15,-65,-19,8,-38,-25,-3,-30,-27,-1,-38,-21,8,-49,-13,18,-63,-8,20,-70,-6,19,-70,-5,20,-66
upup(17), -3,21,-57,-3,34,-75,3,42,-81,5,34,-64,-5,18,-29,-12,3,-17,-12,14,-49,1,28,-73,2,33,-83,-11,20,-54,-19,-2,-20,-24,-6,-24,-25,-2,-39,-21,6,-54,-15,13,-63,-9,15,-69,-4,17,-71
upup(16), -2,19,-63,-1,27,-90,4,14,-64,1,9,-24,-12,1,-21,-15,18,-55,-7,32,-71,-6,28,-73,-15,13,-51,-23,-2,-23,-29,-4,-27,-32,1,-41,-25,7,-54,-17,14,-64,-12,18,-69,-9,19,-67
upup(16), 0,23,-58,1,29,-70,5,38,-68,5,35,-65,-5,16,-50,-12,4,-26,-17,11,-44,2,30,-74,9,37,-86,0,24,-59,-3,10,-25,-17,0,-24,-22,2,-38,-21,1,-51,-17,6,-60,-12,15,-65
upup(17), 0,21,-65,4,40,-77,-1,39,-81,-5,19,-52,-2,11,-18,-10,6,-28,2,31,-86,1,22,-78,-2,18,-40,-17,5,-27,-24,4,-36,-23,4,-45,-16,6,-57,-9,14,-69,-6,16,-72,-5,17,-68,-4,18,-65
upup(18), -4,17,-57,-3,19,-64,3,40,-73,0,43,-75,-6,21,-52,-8,11,-17,-11,9,-28,-1,26,-63,3,33,-84,2,29,-75,-4,21,-41,-18,6,-25,-23,5,-35,-21,8,-45,-13,8,-60,-7,12,-72,-6,16,-73,-6,18,-67
upup(17), -2,18,-61,0,38,-69,-4,37,-74,-8,16,-56,-10,13,-25,-13,5,-25,-5,23,-55,4,31,-81,-1,23,-45,-18,2,-21,-26,-4,-27,-27,0,-38,-21,7,-50,-13,15,-63,-7,19,-70,-4,21,-71,-2,22,-67
upup(17), -1,20,-56,-1,28,-70,6,34,-79,7,31,-71,-4,19,-41,-13,4,-14,-17,10,-35,-4,29,-73,1,36,-87,-8,21,-58,-13,4,-25,-24,-4,-23,-27,-2,-43,-27,5,-59,-27,9,-63,-24,9,-62,-19,10,-61
upup(16), -7,20,-56,-6,26,-67,6,43,-82,4,35,-80,-7,12,-45,-9,5,-12,-16,6,-27,0,24,-66,4,36,-88,-10,11,-25,-24,3,-18,-28,4,-31,-24,5,-50,-17,4,-64,-12,7,-68,-8,12,-70
upup(18), -6,16,-56,-6,27,-72,6,43,-82,2,40,-72,-9,20,-41,-6,7,-14,-7,14,-35,7,30,-69,8,36,-88,-4,22,-63,-13,5,-28,-25,-2,-28,-27,1,-38,-20,11,-48,-13,18,-60,-8,19,-69,-6,20,-69,-5,22,-66
upup(14), -2,24,-59,-2,28,-73,-2,27,-80,-3,27,-66,-7,20,-39,-10,9,-24,-12,12,-47,1,22,-72,2,33,-85,-6,29,-61,-22,7,-27,-25,7,-40,-22,9,-54,-19,10,-61
upup(18), -2,21,-57,-1,24,-69,7,42,-81,-2,43,-75,-11,22,-44,-8,10,-17,-16,7,-33,-3,22,-64,-2,22,-78,-12,11,-64,-16,6,-36,-27,-3,-26,-29,2,-34,-24,9,-46,-18,16,-59,-12,20,-66,-8,22,-68,-7,24,-67
