waggle(10), -19,56,-23,-20,60,-18,-21,74,23,-15,25,31,-9,-36,-4,-17,-1,-1,-22,44,3,-22,52,-1,-23,56,1,-24,59,1
waggle(10), -24,60,3,-24,69,4,-24,58,7,-20,9,-2,-13,-11,-6,-17,24,4,-25,55,10,-26,58,11,-27,58,12,-27,59,13
waggle(10), -27,50,30,-28,62,29,-31,67,41,-25,27,26,-12,-5,1,-18,26,14,-27,55,26,-29,50,27,-29,48,30,-30,49,32
waggle(10), -28,49,32,-28,62,30,-32,69,50,-26,29,38,-13,-12,4,-19,18,17,-27,53,30,-28,49,29,-28,48,32,-29,49,34
waggle(12), -28,48,32,-29,56,32,-32,64,54,-23,24,40,-15,-3,26,-31,69,35,-29,62,28,-26,28,1,-24,22,-28,-26,33,-37,-26,37,-38,-25,43,-38
waggle(10), -24,47,-43,-23,35,-43,-22,17,-47,-21,10,-53,-17,-5,-45,-26,24,-8,-33,59,21,-27,50,27,-27,46,33,-29,46,35
waggle(11), -28,44,38,-32,62,41,-34,58,46,-21,19,21,-4,-12,-21,3,-13,-15,-8,26,12,-22,51,20,-25,49,23,-27,51,28,-27,51,31
waggle(10), -25,49,31,-30,64,29,-29,73,85,-13,23,82,-9,-9,20,-22,24,19,-27,46,25,-26,47,30,-29,48,32,-30,49,33
waggle(10), -27,44,39,-26,55,36,-31,67,48,-27,37,36,-14,4,-4,-17,21,-5,-22,43,14,-22,47,25,-25,49,30,-26,49,34
waggle(10), -25,48,34,-27,66,33,-30,72,43,-21,30,30,-10,11,11,-19,39,13,-29,53,19,-28,47,32,-28,46,36,-29,45,38
waggle(10), -26,48,34,-30,71,37,-27,65,43,-15,14,21,-4,-5,2,-11,26,3,-25,50,7,-26,46,21,-29,47,30,-30,49,35
waggle(11), -27,48,34,-28,70,34,-27,61,39,-21,14,17,-16,21,-1,-22,51,2,-27,52,11,-25,48,27,-26,49,33,-27,48,37,-28,47,37
waggle(11), -29,44,38,-28,51,33,-35,74,39,-28,48,30,-12,1,9,-23,39,12,-33,68,19,-28,47,34,-29,45,37,-30,43,40,-30,43,40
waggle(10), -27,44,39,-28,61,35,-33,77,56,-24,39,48,-8,7,28,-19,41,35,-32,60,31,-30,46,37,-28,44,41,-28,43,44
waggle(14), -22,40,46,-24,49,44,-31,70,64,-23,46,51,-7,4,-6,-3,-4,-37,1,-14,-50,5,-5,-11,-11,34,23,-25,48,25,-23,41,42,-22,42,48,-21,41,50,-21,39,50
waggle(12), -18,38,49,-22,50,47,-28,72,64,-15,48,50,6,-6,-1,10,-11,2,-7,28,20,-23,47,28,-23,40,42,-23,39,46,-23,37,49,-22,36,50
waggle(10), -21,40,48,-30,72,61,-21,57,54,2,-1,8,9,-25,-19,-2,7,16,-18,46,46,-21,41,44,-22,38,50,-21,37,52
waggle(13), -18,35,51,-20,40,47,-28,74,65,-16,60,61,8,-3,12,15,-31,-19,15,-21,10,-2,26,35,-21,44,33,-21,36,47,-20,35,54,-19,33,55,-18,32,55
waggle(12), -17,32,53,-24,58,55,-24,73,73,-3,32,55,19,-37,-20,21,-25,5,-1,23,29,-21,40,31,-19,31,48,-19,33,55,-18,32,56,-17,31,56
waggle(13), -16,31,54,-21,53,53,-25,74,75,-10,42,59,7,-5,1,14,-28,-26,18,-34,-12,3,13,17,-16,48,30,-18,38,43,-19,37,52,-19,37,54,-17,36,55
waggle(12), -15,36,52,-22,72,64,-18,67,73,-3,16,37,6,-8,-9,14,-26,-30,19,-38,-21,3,3,26,-19,48,54,-21,43,54,-19,39,58,-17,37,58
waggle(12), -14,33,53,-19,64,59,-19,68,76,-8,25,47,4,-4,-7,12,-22,-31,16,-35,-8,-3,13,37,-23,58,51,-20,47,53,-19,44,56,-18,41,54
waggle(13), -14,36,52,-15,42,49,-19,71,63,-16,60,57,-4,12,12,5,-8,-23,12,-21,-40,15,-28,-19,-2,9,28,-21,47,50,-21,43,53,-20,40,55,-18,37,54
waggle(13), -16,34,52,-18,53,54,-23,66,62,-16,41,38,-1,8,-11,7,-11,-37,13,-25,-19,-6,19,17,-22,54,29,-19,44,42,-18,44,48,-18,42,51,-18,39,53
waggle(13), -16,39,49,-20,75,53,-17,71,44,-10,23,9,-6,6,-22,1,-6,-40,7,-15,-19,-7,27,16,-22,63,30,-20,48,43,-20,40,51,-18,37,54,-18,34,55
waggle(14), -16,33,53,-19,48,51,-26,74,60,-17,55,42,-1,9,-3,5,-11,-27,8,-21,-38,9,-12,-5,-9,35,25,-25,58,25,-25,46,39,-24,41,48,-22,39,51,-21,36,52
waggle(12), -20,34,51,-21,42,48,-27,73,67,-22,57,56,-11,12,3,-7,1,-30,-1,-15,-42,-5,3,-3,-18,42,33,-23,45,35,-23,39,46,-23,38,49
waggle(13), -21,38,47,-24,70,60,-21,57,59,-16,15,17,-14,12,-23,-8,4,-43,-4,-2,-22,-17,31,18,-26,57,37,-21,46,47,-21,41,51,-21,39,53,-20,37,52
waggle(12), -19,35,50,-22,46,49,-29,69,62,-22,52,44,-6,10,-7,3,-10,-31,8,-26,-32,-8,7,6,-22,46,36,-22,40,49,-23,42,52,-23,40,53
waggle(14), -20,39,48,-22,66,53,-21,65,42,-16,27,6,-10,6,-27,-3,-4,-44,3,-16,-47,0,4,-14,-16,46,12,-27,51,21,-25,43,39,-22,41,47,-20,39,50,-20,38,52
waggle(12), -19,39,48,-22,74,60,-18,63,60,-11,15,19,-8,6,-22,-4,-3,-42,2,-12,-25,-11,24,15,-24,59,34,-24,47,41,-24,42,45,-22,39,48
waggle(11), -20,39,48,-24,68,56,-24,58,56,-15,19,19,-3,2,-44,0,-9,-51,-3,5,-10,-18,39,29,-26,45,36,-23,40,47,-22,40,52
waggle(15), -19,36,50,-24,51,49,-29,71,60,-18,50,42,-1,8,-6,4,-8,-32,5,-13,-43,8,-22,-48,3,3,-10,-12,47,18,-19,53,20,-19,47,38,-21,47,46,-21,45,48,-20,43,49
waggle(14), -21,46,46,-24,77,57,-19,64,54,-10,15,16,-5,1,-21,-1,-8,-42,2,-15,-51,5,-15,-27,-9,25,9,-25,54,25,-24,44,38,-24,43,47,-23,41,50,-22,39,51
waggle(14), -20,35,49,-22,53,46,-25,83,76,-19,45,70,-9,-10,12,-4,-13,-23,1,-14,-45,4,-22,-55,4,-20,-13,-13,29,30,-25,60,32,-24,50,40,-24,48,45,-24,46,46
waggle(14), -22,41,46,-26,72,52,-25,67,61,-18,22,33,-11,2,-14,-3,-11,-40,2,-22,-52,7,-27,-14,-11,23,37,-33,59,45,-30,43,45,-26,40,50,-25,37,52,-25,35,53
waggle(14), -24,34,50,-29,63,56,-27,59,55,-17,19,21,-10,3,-20,-4,-6,-43,1,-15,-50,4,-11,-4,-15,36,33,-31,59,33,-28,47,48,-26,44,53,-22,35,52,-21,34,51
