swiperight(17), 20,37,-34,11,37,-34,0,40,-33,-19,58,-34,-20,83,-30,-10,101,-13,0,99,18,2,82,44,-2,62,44,-24,42,24,-44,26,-13,-35,21,-39,-20,32,-38,-16,49,-33,-23,58,-33,-32,62,-32,-39,61,-28
swiperight(13), -44,51,-29,-31,53,-25,-15,56,-16,-6,63,-3,-9,67,13,-12,59,15,-33,40,-4,-56,33,-31,-50,36,-36,-40,50,-34,-41,52,-34,-39,53,-30,-34,51,-23
swiperight(15), -35,45,-13,-35,51,-11,-34,64,-10,-35,79,-6,-35,96,2,-24,95,12,-9,78,25,-6,67,43,-7,59,51,-20,48,26,-30,35,-11,-16,29,-30,-5,37,-33,-1,51,-34,-2,63,-34
swiperight(17), -7,67,-28,-13,61,-25,-22,50,-22,-33,56,-20,-34,78,-19,-11,92,0,1,74,16,2,64,37,1,57,41,-16,39,7,-28,24,-26,-12,25,-36,1,35,-35,7,49,-29,5,64,-25,2,73,-21,-3,74,-17
swiperight(11), -4,85,11,5,78,19,14,67,30,13,57,38,10,44,40,-6,33,21,-19,34,-13,-8,40,-31,-1,51,-36,-1,64,-35,-2,68,-31
swiperight(11), -23,88,3,-14,84,15,-4,75,28,0,61,36,4,39,32,-7,26,9,-15,30,-22,-4,39,-37,4,49,-36,6,56,-32,3,59,-29
swiperight(14), -32,87,7,-17,86,14,-6,73,23,4,56,31,16,38,37,7,32,27,-12,29,-4,-11,29,-30,-6,41,-34,-4,53,-30,-9,71,-24,-13,72,-18,-18,71,-15,-22,62,-15
swiperight(14), -25,55,-14,-27,61,-12,-26,79,-10,-21,92,-2,-13,90,11,-3,77,26,4,60,35,12,40,34,0,35,17,-13,35,-12,-4,33,-30,3,41,-32,5,52,-30,4,64,-28
swiperight(12), -28,62,-6,-31,70,-10,-29,85,-9,-21,93,-1,-9,83,11,2,70,23,4,61,26,5,48,21,-15,22,-32,-7,31,-39,-3,44,-40,-2,58,-39
swiperight(13), -9,69,-12,-8,79,-9,-1,91,-4,9,87,4,16,71,13,13,58,16,12,49,14,4,33,-4,-2,26,-27,8,38,-32,11,51,-31,11,60,-28,9,66,-24
swiperight(12), -17,83,-13,-8,86,-4,0,79,6,9,57,23,14,49,20,4,33,-1,-6,21,-28,4,32,-35,9,49,-32,10,60,-28,8,65,-26,5,66,-22
swiperight(13), -20,72,-22,-14,83,-18,-5,82,-11,7,70,-2,14,60,8,20,51,17,12,46,15,-3,32,-9,-3,28,-32,3,45,-35,8,54,-30,8,60,-25,5,64,-21
swiperight(12), -28,80,0,-24,86,5,-16,81,10,-5,70,14,4,60,22,4,55,23,11,50,16,10,36,-3,5,31,-25,13,43,-27,18,53,-25,14,60,-18
swiperight(15), -57,21,-31,-53,35,-30,-46,46,-26,-35,53,-19,-23,60,-8,-11,66,5,-2,67,22,0,63,37,-3,61,36,-18,55,17,-28,44,-17,-19,42,-38,-9,49,-34,-7,57,-29,-9,66,-23
swiperight(22), -12,79,-11,-10,71,-9,-14,59,-8,-25,49,-7,-39,42,-8,-53,40,-11,-57,63,-8,-52,76,4,-45,78,17,-30,70,26,-13,60,37,-6,51,35,-9,45,17,-14,31,-13,-15,21,-35,-9,26,-36,-10,36,-35,-18,56,-33,-22,72,-28,-19,75,-21,-15,72,-16,-12,68,-12
swiperight(14), -30,64,1,-28,75,7,-25,91,17,-19,89,26,-12,75,31,-6,60,39,-3,51,34,-3,43,18,-4,34,-11,-1,34,-35,11,47,-29,9,57,-23,5,69,-18,3,77,-15
swiperight(17), 0,76,-10,-4,71,-8,-9,64,-7,-15,54,-8,-22,53,-10,-25,69,-9,-18,89,-2,-11,91,8,-4,77,19,1,64,29,0,56,25,-3,45,8,-5,27,-16,-1,22,-35,4,34,-39,3,46,-38,1,58,-36
swiperight(13), -15,62,-15,-20,57,-18,-17,63,-20,-7,86,-12,3,81,21,7,61,29,6,47,28,3,39,15,1,29,-9,5,29,-28,10,41,-30,10,51,-27,7,61,-24
swiperight(17), -1,73,-15,-5,68,-11,-11,63,-11,-19,60,-12,-25,63,-14,-22,81,-11,-16,96,2,-12,92,21,-8,76,35,-8,58,36,-5,42,27,-12,22,-5,-16,19,-35,-5,33,-42,-1,41,-40,-1,48,-35,-2,62,-33
swiperight(15), 0,68,-27,-11,61,-14,-19,59,-12,-21,70,-9,-15,89,-3,-6,94,2,2,81,8,9,63,18,10,53,23,13,43,15,7,32,-6,2,31,-26,12,39,-33,13,46,-32,9,54,-28
swiperight(20), 4,63,-24,-1,66,-20,-6,64,-16,-14,58,-11,-27,54,-6,-42,55,0,-50,66,4,-46,84,11,-39,93,22,-31,85,31,-17,68,35,-7,50,28,5,34,21,1,20,5,-5,16,-20,5,29,-31,8,58,-30,3,65,-26,-3,66,-22,-10,63,-18
swiperight(15), -19,59,-15,-27,58,-9,-35,71,-3,-35,87,4,-29,91,14,-21,83,24,-8,65,29,2,47,33,11,37,24,4,27,6,-6,20,-16,1,28,-36,7,41,-38,6,54,-37,0,61,-34
swiperight(14), -44,52,-7,-48,69,-3,-44,82,7,-37,81,19,-29,74,25,-19,65,35,-9,42,40,-19,26,10,-23,22,-22,-12,36,-39,-3,51,-35,0,61,-26,-4,68,-18,-8,70,-12
swiperight(12), -26,80,-5,-14,81,11,-8,75,21,-1,65,29,2,53,41,5,41,36,-6,29,13,-14,31,-14,-5,43,-28,2,55,-27,4,65,-23,0,71,-17
swiperight(13), -30,68,2,-26,74,5,-20,81,11,-14,82,17,-7,73,26,-4,61,37,-4,53,30,-4,43,15,-5,27,-9,-3,28,-31,2,42,-31,1,50,-27,-2,53,-24
swiperight(10), -19,76,20,-8,68,25,-4,58,34,1,51,32,-1,38,15,-5,31,-6,3,40,-20,8,51,-21,8,56,-21,4,57,-20
swiperight(17), -33,81,14,-25,81,23,-14,73,29,-3,61,36,-2,51,39,0,45,32,-3,37,3,-3,35,-19,10,45,-16,11,49,-13,1,48,-11,-16,57,-10,-34,53,-10,-68,49,-9,-71,44,-9,-66,46,-6,-59,56,-1
swiperight(10), -19,60,35,-17,31,4,-17,10,-26,-6,18,-29,-4,25,-29,-15,39,-31,-30,53,-32,-43,58,-30,-53,54,-25,-58,47,-21
swiperight(14), -58,41,-13,-54,52,-10,-52,63,-3,-50,72,6,-44,76,16,-33,69,26,-22,55,34,-13,40,37,-20,30,11,-23,28,-21,-6,53,-31,-6,65,-30,-8,63,-26,-12,55,-21
swiperight(13), -59,33,-8,-58,50,-6,-60,73,3,-55,80,16,-36,63,27,-23,44,36,-13,37,34,-19,22,12,-28,16,-19,-18,24,-38,-15,34,-43,-18,45,-42,-29,54,-39
swiperight(14), -57,30,-16,-59,55,-14,-56,77,-8,-48,81,2,-34,72,12,-21,60,21,-12,50,28,-1,39,28,2,19,2,5,15,-23,17,30,-24,21,40,-20,17,49,-16,7,59,-15
swiperight(20), -59,31,-7,-55,42,-10,-54,67,-12,-54,84,-7,-44,78,-1,-24,60,3,-7,50,9,1,44,11,2,29,0,6,22,-22,13,26,-35,18,39,-25,12,42,-23,1,48,-22,-16,57,-19,-36,61,-16,-53,59,-13,-61,53,-10,-62,44,-9,-60,39,-8
swiperight(14), -56,34,-10,-57,48,-10,-60,68,-6,-58,81,3,-42,75,8,-22,58,12,-9,44,22,2,37,23,2,23,6,2,23,-13,14,41,-17,17,52,-13,15,60,-10,11,68,-8
swiperight(16), -1,72,-6,-11,58,-7,-18,48,-7,-25,48,-6,-31,65,-4,-32,88,3,-27,96,16,-18,84,25,-11,64,39,-12,47,42,-6,37,24,4,26,-4,9,22,-23,17,32,-24,22,45,-25,27,56,-25
swiperight(17), 18,57,-8,14,52,-11,7,59,-12,6,75,-9,13,80,0,20,76,13,24,67,27,27,58,50,21,52,60,8,45,39,7,28,-22,18,32,-19,23,40,-16,25,56,-12,26,71,-11,25,76,-11,23,75,-8
swiperight(12), 0,76,-6,10,83,1,17,83,12,20,73,25,22,60,39,18,54,38,6,51,21,-9,29,-13,-11,14,-39,1,22,-39,10,32,-37,13,45,-36
swiperight(14), -3,61,-11,-7,59,-16,-2,75,-19,10,90,-6,13,89,13,13,75,30,13,60,37,10,51,32,9,47,15,2,37,-11,2,32,-33,13,38,-39,20,42,-33,22,48,-25
swiperight(13), -24,55,-20,-28,63,-18,-28,77,-13,-25,84,-4,-5,70,12,7,59,21,10,53,30,-1,46,19,-6,31,-17,2,24,-38,11,30,-35,14,38,-32,14,52,-28
swiperight(14), -28,62,-3,-30,75,4,-28,89,16,-25,91,26,-18,82,28,-7,66,27,0,57,33,2,52,28,-4,33,-3,-3,25,-29,11,33,-34,16,38,-32,16,45,-31,12,55,-33
swiperight(17), -27,63,-8,-28,79,-6,-23,92,1,-16,90,12,-7,78,21,2,63,28,4,54,33,0,49,23,-10,30,-20,-8,19,-49,9,30,-42,15,34,-35,15,43,-31,14,59,-29,12,65,-27,11,67,-26,8,66,-23
swiperight(17), 4,63,-20,0,57,-15,-4,53,-11,-11,56,-7,-20,68,-5,-24,84,-5,-21,91,-3,-14,86,0,4,62,19,9,59,33,5,53,28,-6,35,-10,-6,31,-35,8,42,-31,12,49,-27,14,58,-24,12,67,-21
swiperight(17), -27,66,-21,-23,71,-21,-18,74,-18,-12,76,-11,-2,75,4,8,67,25,4,61,36,-16,51,22,-29,31,-23,-16,23,-53,5,27,-50,16,34,-46,18,37,-40,18,51,-33,15,59,-31,12,58,-27,8,52,-23
swiperight(12), -30,78,15,-26,79,22,-21,78,27,-11,68,28,-1,55,33,5,48,34,-4,31,-2,-7,26,-33,10,38,-28,20,43,-21,25,49,-16,23,58,-16
swiperight(15), -15,62,-13,-20,58,-10,-24,55,-9,-29,60,-11,-18,93,-11,-10,92,2,-3,77,20,-1,59,34,3,43,33,-8,18,1,-12,13,-31,6,28,-34,17,39,-33,20,48,-31,17,55,-30
swiperight(14), -21,60,-14,-28,58,-13,-31,75,-11,-27,96,-4,-21,96,8,-11,79,18,1,60,28,4,48,30,-2,39,20,-3,32,-8,5,28,-27,15,35,-24,18,47,-21,17,59,-18
swiperight(14), -17,60,-5,-21,72,-2,-21,92,7,-18,99,17,-15,90,24,-8,71,25,-1,55,31,2,44,21,-4,30,-4,-3,26,-21,9,35,-28,15,44,-25,15,53,-24,12,63,-22
swiperight(12), -21,70,-15,-18,86,-9,-12,96,3,-7,89,16,2,71,27,4,56,36,4,46,31,-8,21,-30,6,37,-31,13,47,-26,16,55,-22,13,63,-19
swiperight(16), 0,70,-13,-6,62,-10,-14,54,-7,-23,59,-6,-29,77,-6,-24,92,-1,-15,95,7,-8,85,15,2,69,25,4,56,27,3,48,19,3,35,-7,6,29,-25,17,38,-23,22,48,-20,23,56,-15
swiperight(13), -36,65,-2,-42,68,-1,-44,76,2,-34,83,11,-22,72,16,-10,61,20,-6,51,18,-3,41,10,0,30,-13,3,28,-31,11,39,-29,15,48,-27,14,54,-25
swiperight(10), -9,76,32,-3,65,40,-5,51,44,-13,44,24,-12,39,-14,1,37,-32,14,43,-25,17,48,-18,17,56,-12,15,67,-9
swiperight(13), -17,74,6,-13,80,4,-8,84,6,-1,85,13,7,81,23,13,71,39,2,59,43,-17,44,20,-16,33,-16,1,34,-32,13,41,-27,17,47,-23,19,53,-18
swiperight(10), -9,85,20,-8,84,33,-4,76,47,-6,65,53,-22,45,24,-25,30,-20,-7,31,-33,7,36,-28,12,45,-27,12,55,-25
swiperight(17), -23,61,-15,-30,83,-12,-21,93,-8,-12,86,0,-2,70,11,2,61,29,0,59,41,-12,47,16,-20,26,-28,-9,20,-46,4,26,-41,11,33,-34,11,48,-28,11,66,-25,11,75,-24,10,72,-19,6,59,-12
swiperight(14), -19,87,4,-14,84,13,-7,74,20,1,60,27,7,53,36,10,49,39,2,39,21,-6,29,-18,4,28,-39,17,35,-36,16,53,-26,11,58,-20,3,63,-15,-7,70,-9
swiperight(14), -37,67,-11,-32,89,-1,-29,98,15,-20,81,23,-5,55,30,-2,44,31,-10,43,16,-18,30,-22,-16,24,-49,0,39,-42,12,48,-37,18,55,-32,16,62,-27,10,65,-22
swiperight(18), 5,64,-19,-1,56,-16,-14,53,-13,-30,63,-8,-38,73,-5,-35,75,-2,-27,78,2,-18,80,15,1,70,23,7,58,36,9,46,43,0,35,31,-9,28,-5,1,34,-28,17,49,-26,21,56,-23,19,58,-18,12,59,-16
swiperight(16), -34,64,-10,-30,72,-10,-21,81,-3,-9,82,7,1,70,15,10,57,32,8,50,43,3,44,37,-12,21,0,-23,9,-34,-10,26,-36,2,45,-34,7,60,-33,5,68,-26,3,67,-22,0,65,-19
swiperight(13), -31,70,-11,-26,83,-4,-18,89,6,-10,83,19,-2,71,31,3,57,33,2,41,24,-4,23,-6,0,22,-31,13,36,-30,18,45,-28,18,53,-25,15,62,-22
swiperight(13), -33,60,-1,-39,64,-1,-40,76,3,-34,84,12,-23,80,23,-9,60,47,0,54,47,-7,35,18,-13,23,-16,0,33,-26,9,43,-26,14,52,-24,12,59,-20
swiperight(15), -41,62,-10,-46,76,-13,-42,87,-14,-33,88,-12,-21,80,-6,-5,71,6,1,66,15,2,57,17,-13,30,-9,-24,7,-41,-9,11,-45,3,26,-45,8,37,-46,6,49,-45,3,61,-40
swiperight(12), -21,89,-8,-12,85,0,-1,73,10,8,62,25,8,53,34,-4,45,20,-13,29,-15,-4,23,-37,9,37,-35,15,47,-31,16,55,-27,14,62,-21
swiperight(15), -14,70,-1,-10,78,-1,-3,82,4,2,81,11,6,74,18,11,61,27,8,59,37,8,60,32,-2,39,-3,-12,25,-34,3,40,-35,13,52,-29,17,57,-23,15,63,-17,12,68,-13
swiperight(13), -23,65,-11,-19,71,-8,-13,78,-1,-8,81,10,-4,77,24,-4,69,39,-10,63,34,-9,51,19,-12,30,-34,2,44,-31,11,56,-29,13,61,-24,10,65,-17
swiperight(16), -5,67,-3,-10,63,-2,-15,61,-2,-17,67,-2,-13,83,1,-6,95,9,1,88,19,6,73,27,5,61,36,8,49,48,-8,37,26,-17,35,-13,2,45,-22,10,53,-19,9,55,-18,4,65,-17
swiperight(12), -14,68,-13,-8,72,-14,0,80,-9,4,81,3,5,73,23,3,64,32,-4,57,27,-13,33,-3,3,37,-35,9,46,-34,9,57,-30,7,67,-25
swiperight(16), -13,65,-10,-18,59,-13,-20,64,-17,-17,79,-16,-10,86,-10,-3,79,-3,3,70,10,1,64,26,-2,63,32,-21,32,9,-30,-2,-27,-13,8,-44,-4,26,-48,0,37,-47,2,47,-44,4,59,-38
swiperight(13), -9,65,-23,4,81,-17,9,87,-7,12,76,6,16,61,21,20,46,31,4,33,16,-11,27,-17,3,34,-30,14,48,-28,17,58,-27,15,65,-24,12,66,-19
swiperight(15), -18,66,-3,-19,79,-4,-12,94,-2,-2,94,4,7,77,8,14,57,17,17,42,25,11,37,26,0,26,-1,3,20,-23,12,37,-24,12,53,-26,8,65,-25,1,75,-16,-1,73,-12
swiperight(10), -11,92,-1,-1,81,9,10,64,15,17,51,20,23,43,30,7,27,9,-7,22,-22,4,31,-26,10,45,-27,10,60,-25
swiperight(13), -15,58,-3,-15,68,-1,-9,92,6,-3,102,16,3,85,27,10,64,36,7,49,32,-2,39,18,3,31,-22,16,49,-24,20,61,-22,17,68,-18,12,70,-15
swiperight(14), -17,69,-8,-11,82,-8,-3,91,0,1,84,10,7,68,17,10,56,21,11,45,30,-4,29,9,-16,26,-30,-5,40,-37,3,53,-34,6,61,-29,6,66,-23,5,68,-18
swiperight(11), -16,62,-11,-8,84,-13,-1,90,-1,5,81,11,9,69,20,9,58,21,-2,42,6,-4,35,-15,9,40,-21,14,48,-14,16,57,-9
swiperight(13), -7,67,-3,-4,76,-4,4,86,-2,10,87,5,15,78,13,19,63,23,14,50,33,-1,47,25,-10,39,-7,-4,36,-28,5,48,-28,9,56,-24,9,62,-19
swiperight(13), -15,69,-10,-9,82,-4,0,87,7,6,81,17,10,70,29,4,58,37,-5,49,25,-9,33,-9,-2,26,-33,10,39,-32,15,48,-29,16,56,-26,15,65,-23
swiperight(12), 0,64,-8,3,71,-11,13,81,-9,21,80,3,21,67,17,17,60,29,19,53,33,9,42,17,10,49,-5,14,57,0,15,64,1,13,69,3
swiperight(10), -3,85,-1,10,73,10,15,65,21,15,56,27,-1,45,10,-10,33,-19,2,26,-32,13,34,-29,18,45,-26,19,56,-23
swiperight(13), -5,76,0,-2,86,2,4,90,12,7,85,24,8,72,35,6,54,40,1,50,40,-6,38,9,0,27,-21,14,38,-21,20,46,-22,20,53,-22,17,61,-21
swiperight(13), -13,71,-6,-12,87,-2,-6,96,7,2,82,17,12,63,27,13,49,33,8,43,30,-3,30,-2,-3,28,-29,13,43,-29,21,52,-27,22,59,-23,19,64,-18
swiperight(14), -15,56,-1,-22,80,5,-19,99,13,-13,95,21,-7,83,27,-1,65,39,5,46,48,-14,31,26,-29,33,-12,-16,41,-29,5,62,-19,8,69,-19,8,69,-21,6,69,-22
swiperight(16), 1,68,-18,-4,63,-13,-8,54,-9,-12,58,-6,-11,83,1,-5,99,10,0,90,17,8,68,27,10,53,34,5,39,23,-2,20,-11,2,22,-31,16,40,-30,23,51,-27,24,54,-25,20,57,-24
swiperight(12), -7,68,-10,-5,83,-4,0,94,10,5,85,24,12,49,36,-1,33,19,-7,28,-10,11,37,-19,24,50,-17,28,54,-16,25,56,-13,18,60,-12
swiperight(10), -8,89,-3,4,78,6,13,66,14,12,63,21,6,51,16,1,27,-12,4,21,-29,14,33,-28,17,46,-28,16,56,-27
swiperight(12), -20,71,-20,-11,85,-15,1,82,-5,11,73,9,12,62,23,11,52,24,1,27,-5,1,17,-28,18,30,-27,26,42,-24,27,50,-22,23,55,-22
swiperight(17), -13,70,1,-13,81,6,-6,87,12,2,84,26,3,77,44,8,63,48,-1,37,22,-6,16,-11,12,19,-23,25,32,-24,28,41,-24,25,47,-24,19,53,-23,3,62,-20,-5,59,-18,-16,61,-15,-25,69,-12
swiperight(12), -27,80,-5,-18,81,0,-6,77,6,7,65,12,20,56,23,20,51,34,13,43,25,5,32,-9,4,27,-29,13,34,-27,17,44,-24,14,56,-21
swiperight(14), -3,62,-7,-7,52,-4,-13,55,0,-13,80,7,-6,98,16,1,92,24,9,74,35,9,61,43,-4,53,33,0,26,-26,16,37,-26,24,49,-24,25,57,-20,20,58,-16
swiperight(12), -24,73,-11,-22,81,-8,-15,83,-3,-6,76,2,7,61,8,14,60,18,15,61,23,9,38,7,5,26,-15,12,36,-21,17,45,-20,18,53,-18
swiperight(11), -15,68,-3,3,80,23,12,68,34,14,59,42,3,47,34,-8,37,1,0,36,-23,15,43,-25,23,48,-23,24,52,-17,21,58,-13
swiperight(13), -16,76,-8,-17,82,-9,-14,86,-6,-5,78,4,8,67,17,8,62,30,8,56,29,2,37,-1,-1,32,-24,13,43,-27,18,48,-25,18,52,-22,16,57,-20
swiperight(15), -21,55,-8,-28,61,-4,-30,68,-2,-28,74,9,-17,85,16,-8,77,18,4,63,20,11,53,29,12,48,30,4,41,15,-4,30,-15,3,27,-38,11,34,-39,12,41,-37,9,49,-36
swiperight(19), -9,60,-9,-14,58,-10,-19,64,-12,-18,80,-9,-14,91,-1,-9,85,9,-1,72,20,4,61,35,5,52,41,-7,38,20,-13,23,-18,-1,21,-42,8,27,-43,11,36,-39,9,47,-35,4,64,-31,2,67,-26,-2,67,-22,-6,63,-19
swiperight(10), -13,81,-20,-3,75,-14,7,67,-7,14,66,8,12,61,17,-3,34,-9,-10,17,-43,3,21,-51,11,25,-46,14,31,-41
swiperight(11), -6,67,-16,0,78,-20,7,85,-17,13,70,-5,13,67,25,12,59,20,11,39,-10,13,32,-30,23,35,-31,25,38,-26,22,45,-22
swiperight(13), -10,63,-7,-13,71,-8,-8,82,-10,4,86,-9,12,79,0,9,73,17,5,66,26,-6,40,6,-10,27,-25,2,34,-39,10,41,-41,14,46,-39,15,49,-35
swiperight(10), 3,81,3,10,74,8,17,65,17,10,43,14,-1,22,-10,6,21,-23,15,34,-24,21,47,-25,22,60,-24,18,69,-24
swiperight(12), 2,73,-12,12,83,-10,17,88,-2,23,81,14,25,71,32,20,57,39,-1,29,12,-12,16,-26,4,24,-41,17,33,-41,23,40,-39,25,53,-35
swiperight(14), -6,65,-19,-8,80,-19,-3,94,-10,5,93,4,16,75,19,20,60,30,14,51,36,-15,28,9,-37,13,-35,-24,22,-49,-8,35,-47,1,46,-44,3,52,-42,2,54,-39
swiperight(14), -14,56,-14,-21,60,-13,-22,73,-10,-17,88,-2,-9,89,10,2,81,39,7,64,40,-11,32,10,-15,15,-25,4,26,-36,16,35,-35,23,48,-30,26,60,-27,24,63,-23
swiperight(13), -17,71,-15,-15,77,-16,-11,80,-12,-3,82,-3,6,78,12,6,72,31,4,64,32,-8,38,7,-15,24,-24,-2,32,-40,8,40,-39,15,49,-35,19,56,-32
swiperight(11), 0,85,-10,8,83,2,13,73,20,7,64,32,-1,55,26,-10,36,-5,-8,34,-32,6,47,-34,13,50,-28,16,55,-19,16,62,-12
swiperight(11), -4,90,14,2,81,25,7,67,37,8,53,40,2,47,24,-3,42,-3,2,41,-21,12,54,-20,11,60,-17,9,63,-14,6,66,-10
swiperight(11), -17,77,0,-13,83,7,-9,81,15,-5,77,31,-8,68,31,-20,46,7,-22,28,-23,-8,26,-45,3,29,-48,7,35,-45,6,44,-39
swiperight(13), -8,57,-19,-15,56,-17,-15,67,-14,-7,83,-5,0,88,9,2,75,37,-3,70,40,-16,49,12,-17,36,-23,3,41,-33,13,48,-33,17,52,-30,16,56,-28
swiperight(17), 6,62,-16,1,55,-14,-9,58,-11,-18,72,-8,-16,84,-4,-10,88,4,-6,86,14,-2,76,28,-5,67,38,-4,58,30,-13,31,4,-17,9,-23,0,19,-39,11,31,-45,15,33,-44,14,36,-41,11,44,-38
swiperight(17), 5,58,-37,1,64,-34,-2,55,-27,-10,53,-26,-13,62,-22,-10,80,-15,-2,91,-4,3,87,9,8,74,21,7,63,37,5,58,41,-8,44,13,-11,29,-20,5,32,-33,15,41,-32,19,46,-31,18,53,-31
swiperight(17), 11,67,-23,6,66,-20,-1,66,-17,-6,65,-17,-6,69,-17,-1,84,-8,1,93,4,1,85,18,-1,75,32,0,68,36,-14,46,9,-23,25,-26,-4,31,-36,8,40,-36,11,51,-32,9,60,-30,8,64,-27
swiperight(13), -4,57,-22,-7,66,-24,-1,82,-21,7,90,-9,12,80,9,13,68,29,13,60,35,-6,47,15,-22,26,-22,-10,17,-48,2,24,-53,10,30,-50,13,38,-47
swiperight(12), -9,61,-23,-6,75,-27,2,89,-27,12,86,-14,11,60,28,6,57,38,-8,39,11,-13,20,-31,6,25,-50,17,33,-50,20,37,-45,19,41,-41
swiperight(14), -9,56,-22,-10,63,-17,-3,79,-11,6,88,-6,11,85,6,9,75,30,0,65,39,-17,48,16,-23,32,-22,-9,29,-48,7,37,-49,16,41,-45,18,41,-43,17,46,-39
swiperight(12), 8,76,-21,14,84,-14,19,79,0,21,69,18,14,64,29,8,61,29,-4,47,2,-7,38,-33,7,43,-41,16,45,-38,20,48,-33,20,52,-31
swiperight(11), -6,67,-19,1,75,-18,8,83,-12,13,80,3,12,73,25,8,63,30,-17,29,-25,-5,36,-41,6,46,-38,12,51,-33,12,53,-29
swiperight(14), -8,66,-11,-11,73,-14,-7,84,-13,-1,92,-4,5,84,11,12,70,24,14,56,29,7,42,22,-7,28,-7,-5,27,-34,10,40,-37,19,49,-34,22,55,-28,20,60,-23
swiperight(12), -3,63,-5,9,90,3,14,89,17,18,74,27,15,61,29,14,45,26,2,26,-1,-5,22,-33,8,34,-41,13,43,-41,13,47,-39,9,55,-38
swiperight(13), -8,74,-25,-3,73,-21,5,77,-11,13,80,6,16,74,26,14,63,32,-3,34,16,-14,18,-13,1,33,-32,15,42,-34,16,48,-35,15,55,-34,12,59,-30
swiperight(11), -1,78,-9,6,85,3,10,80,16,10,71,31,11,59,34,-2,40,10,-8,30,-20,8,39,-31,17,49,-31,20,55,-30,18,60,-27
swiperight(13), -1,64,-14,-4,73,-15,0,82,-11,7,83,-2,12,76,7,15,65,20,10,60,25,4,57,17,-1,42,-11,0,33,-34,10,43,-33,12,51,-27,12,57,-23
swiperight(12), -5,75,-6,-1,83,-3,5,86,2,10,78,10,15,66,21,9,61,25,-5,35,-16,-3,30,-41,6,43,-39,9,50,-33,9,56,-27,10,62,-23
swiperight(12), -3,65,-16,1,76,-15,8,84,-6,9,79,11,6,74,31,4,71,37,-13,49,5,-18,32,-27,0,37,-29,10,44,-25,16,52,-23,19,62,-22
swiperight(11), -9,69,-1,-2,86,13,3,82,24,7,73,34,5,67,35,1,56,24,-4,39,-6,0,37,-27,11,47,-26,17,52,-25,18,54,-22
swiperight(17), -2,73,-3,-9,60,0,-15,57,5,-23,65,11,-24,80,19,-15,89,26,-6,84,31,-3,73,38,-5,65,51,-4,60,54,-18,41,25,-22,22,-13,0,28,-29,13,39,-29,17,45,-29,14,53,-28,9,62,-26
swiperight(13), -10,67,-10,-7,74,-6,-1,84,2,4,85,12,10,72,21,12,62,28,13,55,28,1,42,7,-7,26,-24,11,39,-40,15,45,-39,14,51,-36,11,58,-32
swiperight(11), -8,90,8,-4,84,19,1,71,30,1,61,33,1,52,29,-3,36,4,-2,32,-22,8,44,-24,13,51,-24,15,57,-20,14,63,-17
swiperight(12), -15,72,6,-11,85,11,-5,88,21,1,77,28,11,53,34,5,42,19,-1,26,-9,4,29,-29,12,44,-30,12,49,-31,9,56,-29,6,64,-25
swiperight(12), 10,68,19,7,59,21,-5,39,3,-6,17,-23,9,21,-37,16,35,-36,16,37,-33,11,43,-30,4,57,-27,-1,71,-25,-4,72,-22,-5,64,-16
swiperight(14), -9,59,-11,-16,63,-9,-21,70,-8,-12,82,-3,-4,80,9,3,74,26,3,66,35,-2,59,39,-14,45,12,-9,37,-24,11,43,-30,19,47,-27,19,52,-22,16,59,-19
swiperight(12), -13,88,-5,-5,88,3,3,76,14,9,65,30,4,57,42,-13,49,22,-22,39,-20,-10,36,-47,6,44,-47,15,45,-41,17,45,-35,12,53,-27
swiperight(15), -6,69,-15,-11,72,-20,-8,79,-20,1,87,-10,8,87,4,10,79,20,7,70,33,-3,63,38,-24,39,5,-25,13,-34,-5,17,-44,10,30,-44,19,43,-42,20,53,-40,19,58,-34
swiperight(17), 15,61,-27,10,58,-23,5,51,-19,-2,52,-15,-7,69,-14,-3,85,-12,3,90,-6,7,86,4,13,75,12,15,60,26,-3,42,8,-18,24,-25,-7,27,-42,4,42,-46,12,51,-45,15,54,-39,14,56,-33
swiperight(10), 9,82,8,12,77,25,10,71,31,7,49,27,-8,28,2,-12,31,-28,7,44,-35,17,53,-33,20,58,-29,19,63,-26
swiperight(14), 4,58,-12,-5,70,-7,-5,82,-7,1,89,-1,9,85,11,15,75,29,10,70,36,-1,61,31,-14,38,-1,-12,30,-32,6,42,-36,15,49,-34,18,53,-31,16,57,-29
swiperight(10), 7,80,2,15,70,16,13,68,31,6,62,27,-12,41,-9,-19,33,-39,-5,43,-42,4,50,-38,9,56,-30,10,61,-24
swiperight(12), -4,75,34,-26,39,12,-34,-2,-21,-17,-12,-44,-1,-1,-51,9,12,-53,11,24,-49,9,39,-44,6,55,-40,2,62,-36,-2,61,-30,-12,54,-25
swiperight(11), -26,73,-10,-9,68,-2,4,66,10,-22,50,2,-39,6,-23,-32,-19,-48,-16,-14,-56,-3,1,-59,2,14,-60,3,28,-58,5,39,-52
swiperight(12), 12,75,-26,16,77,-12,14,78,7,4,77,10,-15,63,0,-32,21,-23,-27,-10,-49,-10,-3,-58,2,10,-59,7,23,-56,9,35,-52,9,44,-49
swiperight(14), 7,73,-33,11,71,-22,15,67,-5,13,67,11,0,70,7,-23,30,-9,-32,-15,-29,-20,-19,-48,-8,-10,-54,2,9,-58,8,28,-57,12,41,-52,14,45,-46,14,50,-44
swiperight(15), 0,52,-37,0,65,-38,6,76,-33,13,76,-19,16,73,-4,19,73,13,14,82,30,-7,91,27,-40,-8,-37,-14,-7,-51,6,2,-52,16,16,-49,20,30,-44,20,41,-39,17,50,-36
swiperight(14), -10,66,-23,-11,72,-19,-7,83,-8,-1,91,10,0,91,28,-6,89,37,-21,81,26,-38,33,-1,-35,-11,-28,-14,-10,-44,2,1,-50,10,12,-53,13,22,-53,13,34,-51
swiperight(15), 2,47,-48,-3,52,-46,-3,71,-40,4,80,-32,9,81,-16,12,77,5,2,75,16,-15,63,5,-29,11,-15,-25,-25,-37,-8,-14,-53,5,-2,-59,12,10,-60,14,22,-58,15,32,-54
swiperight(17), 1,51,-42,-1,62,-46,2,77,-43,7,83,-24,12,79,7,6,77,27,-11,71,21,-28,24,-6,-24,-16,-33,-5,-9,-44,7,4,-52,12,18,-56,13,31,-56,10,48,-49,9,50,-45,7,52,-42,4,50,-41
swiperight(16), 0,47,-43,-3,54,-43,-1,68,-39,6,78,-31,13,78,-18,20,76,2,17,74,21,2,75,26,-28,28,11,-41,-23,-20,-22,-21,-47,-5,-8,-58,4,5,-63,8,17,-63,9,26,-59,10,32,-53
swiperight(15), 3,43,-42,-2,48,-39,-10,63,-37,-11,79,-35,-6,86,-27,-1,86,-12,4,79,7,4,77,23,-31,16,-7,-24,-22,-34,-4,-7,-45,10,8,-50,16,20,-51,18,32,-51,16,42,-48
swiperight(14), -14,66,-29,-11,79,-24,-5,90,-11,-1,91,10,-1,84,32,-8,79,36,-28,47,21,-35,-3,-12,-17,-20,-40,0,-11,-51,9,0,-57,12,11,-57,12,22,-56,11,34,-53
swiperight(15), 8,43,-47,4,36,-43,-5,73,-24,-4,90,-12,1,88,2,7,79,17,7,79,30,-5,78,27,-29,28,3,-33,-21,-28,-12,-18,-47,6,-4,-53,16,7,-56,18,15,-57,18,24,-55
swiperight(17), -6,49,-33,-17,67,-33,-19,79,-33,-10,81,-25,0,83,-9,4,85,11,1,83,22,-11,73,18,-29,26,-8,-25,-14,-41,-2,-6,-54,11,6,-56,18,18,-54,18,38,-51,17,44,-50,13,45,-48,8,46,-44
swiperight(18), 2,45,-38,-5,42,-30,-14,47,-20,-24,58,-14,-32,71,-13,-33,83,-11,-25,92,-3,-15,90,11,-9,82,25,-13,80,31,-38,55,23,-54,0,-8,-40,-25,-40,-21,-17,-54,-8,-4,-61,-2,6,-62,3,15,-60,6,21,-58
swiperight(18), 6,27,-51,1,30,-46,-8,36,-38,-17,49,-26,-24,66,-17,-27,79,-9,-23,88,-1,-15,90,12,-5,75,46,-15,70,41,-37,31,13,-39,-11,-22,-17,-16,-46,3,-6,-55,16,7,-60,21,15,-59,22,20,-55,22,24,-54
swiperight(19), 17,35,-47,13,40,-42,8,48,-36,2,51,-30,-7,51,-22,-19,62,-13,-25,83,-5,-23,94,7,-18,93,22,-14,86,33,-16,84,36,-28,73,25,-46,18,-3,-40,-19,-36,-13,-4,-54,3,5,-58,9,10,-59,10,15,-59,10,21,-59
swiperight(17), 12,29,-50,7,27,-43,-1,35,-37,-9,56,-36,-10,71,-36,-3,79,-28,5,83,-11,7,80,15,1,77,42,-11,77,42,-28,49,18,-29,4,-16,-11,-16,-45,7,-14,-54,18,-5,-57,23,3,-56,24,10,-55
swiperight(18), 25,23,-50,23,26,-44,19,29,-38,13,39,-32,4,57,-25,-1,76,-18,2,91,-8,6,92,9,9,84,29,2,76,27,-32,22,-8,-27,-17,-35,-6,-14,-48,11,-1,-52,21,11,-54,25,18,-55,24,22,-55,20,23,-55
swiperight(13), -4,73,-31,0,82,-26,9,82,-16,15,78,1,16,72,19,11,65,24,0,57,17,-12,41,-13,-8,33,-43,8,45,-43,19,51,-38,23,52,-34,22,54,-30
swiperight(11), 14,77,12,11,79,30,-3,82,41,-13,86,36,-27,50,6,-23,7,-30,3,10,-45,19,23,-46,28,33,-43,31,38,-41,32,40,-39
swiperight(14), 2,72,-16,7,81,-9,12,86,2,14,81,16,12,75,34,2,75,36,-24,48,17,-31,11,-13,-12,8,-39,4,17,-49,20,29,-52,20,36,-51,17,43,-47,13,45,-39
swiperight(19), 7,44,-32,1,48,-27,-5,59,-23,-7,62,-22,-7,64,-20,-5,76,-10,-1,88,3,2,90,14,4,83,29,-2,77,39,-15,75,29,-30,25,1,-26,-12,-27,-5,3,-44,9,14,-49,17,28,-49,22,38,-46,22,44,-41,21,49,-37
swiperight(12), -3,76,-15,0,80,-7,11,76,13,9,74,25,2,78,27,-20,42,11,-27,-3,-18,-6,-7,-39,9,-1,-48,15,8,-51,16,16,-50,17,30,-49
swiperight(15), 15,44,-41,7,39,-40,1,56,-39,4,82,-31,12,88,-19,17,77,-3,16,69,18,10,67,30,-15,52,9,-29,17,-29,-12,5,-50,4,20,-54,11,30,-52,14,40,-47,15,48,-42
swiperight(15), 9,58,-30,3,55,-33,5,57,-37,12,66,-35,19,74,-24,21,71,-5,18,72,17,8,80,23,-17,58,0,-26,23,-29,-9,21,-43,3,33,-45,11,41,-42,14,52,-39,15,62,-34
swiperight(14), 14,77,-24,18,74,-5,12,73,16,-3,73,12,-25,35,-2,-30,-3,-21,-17,-3,-45,-9,7,-52,-2,22,-55,3,35,-54,9,53,-42,9,55,-36,8,57,-35,5,57,-35
swiperight(12), 6,68,-36,12,69,-28,18,74,-13,14,79,-2,-1,73,-5,-19,37,-20,-21,0,-38,-6,-2,-52,4,11,-56,10,24,-52,13,35,-45,14,46,-41
swiperight(14), -6,57,-26,-6,64,-29,3,74,-27,12,83,-14,13,84,8,10,80,23,-4,77,20,-22,30,-1,-10,-1,-42,-2,13,-48,4,31,-49,6,45,-47,4,51,-44,0,57,-41
swiperight(13), -2,70,-32,7,76,-23,9,80,-6,5,77,9,-2,72,10,-19,35,-3,-28,-7,-28,-18,-9,-48,-4,8,-53,5,25,-52,10,38,-48,13,46,-45,12,51,-41
swiperight(11), 0,64,-33,5,70,-28,13,73,-16,13,77,21,0,73,16,-17,46,-8,-16,20,-32,2,26,-42,11,38,-41,14,45,-37,13,54,-34
swiperight(15), -1,57,-21,-9,55,-26,-8,67,-26,3,84,-15,11,87,7,11,82,27,2,79,28,-16,70,16,-33,36,-14,-29,12,-43,-12,20,-51,-1,33,-52,5,46,-47,9,56,-39,12,61,-31
swiperight(17), 9,57,-23,-8,52,-18,-18,65,-16,-18,78,-15,-6,86,-8,1,88,1,4,80,15,4,73,29,-3,68,25,-24,45,1,-32,7,-30,-18,1,-51,-5,20,-57,3,33,-52,8,45,-46,10,52,-39,10,56,-35
swiperight(16), 0,53,-23,-2,62,-18,0,74,-13,4,80,-5,7,78,6,9,75,26,1,79,39,-10,77,31,-25,49,2,-25,17,-32,-4,17,-49,10,30,-51,21,43,-41,21,49,-37,20,53,-34,18,54,-32
swiperight(10), 7,83,-9,13,71,-1,7,72,24,-4,74,21,-18,54,-8,-19,32,-34,-1,34,-43,8,45,-39,13,50,-31,15,58,-24
swiperight(10), 5,79,13,6,77,31,0,82,41,-17,76,25,-28,41,-8,-17,24,-34,0,38,-40,10,45,-39,13,48,-35,13,50,-30
swiperight(14), 3,61,-20,-5,62,-21,-6,71,-21,0,73,-18,13,70,-7,19,72,12,6,78,27,-7,79,32,-22,57,3,-25,33,-29,-7,38,-34,4,48,-33,10,52,-31,13,58,-26
swiperight(16), 0,63,-10,-2,70,-9,3,80,-5,9,85,4,10,82,18,8,82,36,-6,95,37,-36,65,14,-43,15,-16,-18,7,-36,2,17,-44,12,28,-47,7,49,-37,1,54,-32,-5,62,-27,-9,68,-23
swiperight(10), 13,70,23,7,68,28,-2,66,19,-18,38,-12,-23,12,-42,-6,20,-50,6,31,-50,12,38,-48,14,45,-45,14,51,-42
swiperight(15), 5,54,-30,-1,49,-26,-7,59,-21,-7,79,-16,2,88,-8,9,86,5,11,75,19,9,70,33,-23,28,7,-27,-8,-29,-7,7,-46,6,22,-49,12,36,-47,12,45,-44,9,52,-38
swiperight(15), 4,55,-23,0,71,-22,6,79,-18,12,79,-7,14,71,7,13,69,21,8,77,24,-12,51,10,-22,4,-16,-7,-4,-38,5,10,-48,12,24,-50,15,37,-49,15,46,-45,13,49,-41
swiperight(13), -5,66,-31,0,72,-28,9,74,-16,12,74,4,7,72,25,7,71,33,-5,44,9,-15,15,-26,-4,25,-40,7,40,-41,15,45,-39,11,55,-31,7,56,-29
swiperight(15), -4,59,-21,-8,65,-19,-8,73,-19,-2,80,-18,5,80,-12,14,73,5,14,71,21,3,72,21,-18,33,-2,-25,0,-30,-10,14,-46,1,27,-53,7,35,-54,9,42,-51,8,47,-46
swiperight(11), -3,77,8,5,69,16,3,68,32,-5,75,32,-26,32,12,-35,-6,-14,-17,8,-39,-6,20,-50,-1,32,-53,1,41,-48,2,48,-41
swiperight(10), -3,82,13,4,73,25,3,74,39,-3,74,37,-22,43,6,-29,20,-28,-11,27,-45,0,36,-49,6,44,-47,6,52,-34
swiperight(14), -16,56,-19,-22,65,-19,-18,76,-15,-9,81,-6,-2,78,9,-5,78,33,-6,75,41,-21,54,16,-30,26,-18,-9,22,-36,6,36,-38,14,45,-34,16,51,-31,13,57,-26
swiperight(15), 3,64,-16,-3,57,-17,-8,61,-20,-6,72,-16,3,80,-3,10,83,17,10,80,35,5,73,47,-17,56,26,-28,36,-15,-8,36,-37,10,46,-36,20,53,-34,22,54,-31,18,54,-26
swiperight(14), -2,71,-12,-1,75,-7,2,82,3,6,82,19,7,75,36,-2,72,43,-11,63,39,-27,38,4,-33,25,-36,-16,33,-47,-1,44,-46,7,48,-44,8,50,-40,8,49,-36
swiperight(13), -10,69,-6,-8,81,4,-2,87,17,1,80,28,4,66,38,-2,56,45,-8,52,40,-14,42,7,-11,40,-22,7,52,-23,18,58,-18,19,60,-15,16,60,-13
swiperight(11), -4,76,4,2,78,14,7,76,29,3,74,36,-12,59,23,-25,18,-13,-19,0,-45,-2,12,-55,7,20,-53,11,30,-48,13,41,-44
swiperight(12), -8,67,-24,-8,76,-21,5,78,2,8,71,20,2,66,31,-1,56,33,-10,30,8,-13,20,-26,1,38,-40,7,50,-42,9,56,-40,7,57,-37
swiperight(14), -10,68,-19,-11,76,-20,-13,78,-18,-11,75,-14,-10,73,-5,-6,69,18,2,64,29,-8,46,12,-20,8,-25,-9,2,-52,3,22,-52,8,35,-46,10,48,-40,11,59,-35
swiperight(14), -5,60,-14,-9,69,-12,-10,77,-11,-2,80,-5,5,83,8,10,80,24,16,69,39,-1,52,32,-20,27,-4,-11,24,-34,1,38,-39,8,44,-37,10,50,-33,11,57,-28
swiperight(13), -10,66,-4,-15,75,-1,-18,85,5,-13,86,13,-5,74,17,9,57,22,5,53,13,-5,35,-15,-4,33,-37,4,51,-37,10,57,-32,13,60,-28,11,61,-24
swiperight(12), -15,76,5,-2,71,13,0,78,32,-9,85,50,-17,71,55,-30,34,30,-30,23,-11,-9,47,-32,5,58,-32,9,59,-25,11,59,-19,10,59,-15
swiperight(10), -9,81,16,-5,77,27,-7,68,37,-6,56,39,-17,39,13,-26,31,-23,-16,42,-34,-8,54,-30,-2,60,-25,0,66,-21
swiperight(11), 4,79,1,8,71,9,8,66,26,3,70,35,-14,55,13,-23,25,-21,-10,23,-37,2,40,-38,10,49,-33,11,55,-28,9,59,-23
swiperight(12), -15,73,-4,-8,79,2,-4,82,13,-2,78,33,-10,78,53,-28,65,43,-36,26,0,-24,14,-31,-7,33,-35,0,41,-33,3,48,-30,4,58,-24
swiperight(13), -23,67,9,-19,72,18,-14,74,30,-9,67,47,-10,60,46,-21,46,30,-29,28,0,-21,29,-27,-7,42,-30,1,56,-26,5,64,-21,6,66,-16,3,65,-10
swiperight(10), -28,80,-5,-19,78,4,-2,67,16,6,62,22,-8,54,12,-22,30,-18,-16,20,-42,-6,31,-45,1,40,-44,4,48,-42
swiperight(12), -11,66,-18,-5,74,-13,1,81,0,4,77,21,0,74,40,-9,73,44,-26,17,-25,-7,38,-30,3,51,-27,6,58,-25,6,62,-22,3,62,-18
swiperight(13), -30,53,0,-37,64,7,-38,80,15,-31,82,22,-22,71,30,-20,65,40,-19,59,40,-32,36,9,-37,25,-29,-19,38,-42,-10,49,-41,-3,53,-35,0,57,-28
swiperight(13), -11,58,-12,-15,82,-9,-11,92,2,-5,81,18,-3,69,33,-2,61,35,-10,47,11,-15,35,-18,-1,39,-26,9,51,-21,14,56,-15,14,62,-11,13,68,-7
swiperight(17), 8,69,-4,1,64,-3,-8,56,2,-16,62,7,-20,79,9,-19,90,16,-11,86,24,-2,70,31,0,61,38,5,53,41,4,43,20,2,31,-14,11,34,-29,15,51,-30,17,56,-26,15,60,-23,4,60,-18
swiperight(13), -16,59,-8,-18,68,-10,-13,82,-10,-4,83,2,4,73,19,2,69,26,3,60,22,-6,42,3,-14,35,-21,-4,46,-31,2,57,-32,6,61,-29,7,64,-24
swiperight(13), -5,59,-12,-10,55,-10,-16,62,-8,-16,77,-5,-9,86,5,-1,82,18,4,69,27,-6,45,-4,-1,40,-24,9,53,-27,16,58,-25,17,62,-19,16,64,-14
swiperight(12), -2,73,-7,1,78,-3,3,79,3,6,72,17,1,69,26,-1,61,20,-9,42,-4,-14,35,-30,-1,43,-36,5,51,-35,8,55,-32,8,60,-28
swiperight(10), 6,74,18,8,70,29,1,60,24,-5,49,8,-11,36,-20,-13,40,-41,-4,55,-35,2,60,-25,5,62,-18,6,66,-12
swiperight(14), -6,61,-6,-9,65,-10,-10,71,-21,-9,69,-16,1,72,9,3,81,31,-3,78,33,-2,64,23,-9,43,-1,-9,37,-26,6,46,-28,15,53,-24,15,55,-20,13,62,-18
swiperight(11), -11,78,1,-6,74,12,-8,69,20,-3,62,20,-9,49,5,-16,33,-20,-9,38,-39,-4,56,-40,0,60,-32,4,60,-24,6,64,-19
swiperight(10), 2,73,-15,10,63,-10,9,68,6,0,73,9,-16,49,-11,-20,27,-35,-6,31,-48,5,39,-49,11,45,-46,13,49,-42
swiperight(13), -1,57,-26,0,66,-21,6,79,-11,10,84,-1,13,76,12,12,74,23,1,71,31,-17,50,4,2,44,-32,15,56,-27,19,60,-22,17,62,-20,14,63,-18
swiperight(11), 1,60,-32,8,75,-20,14,71,-3,11,73,19,4,74,29,-13,55,5,-20,31,-27,-5,30,-41,5,41,-38,12,48,-31,16,57,-26
swiperight(12), -6,75,-17,-1,82,-12,7,80,2,11,72,18,12,66,25,-4,50,5,-15,30,-26,-5,32,-37,4,45,-38,10,52,-36,11,57,-33,8,60,-30
swiperight(12), -12,66,-22,-7,78,-22,2,82,-11,7,72,9,4,62,18,2,57,13,-6,41,-12,-10,36,-35,0,48,-37,5,54,-34,8,58,-31,8,62,-28
swiperight(12), -9,60,-14,-9,71,-15,-1,82,-10,7,80,0,12,71,13,9,70,20,3,69,22,-4,46,1,5,47,-28,12,56,-27,17,60,-22,18,63,-18
swiperight(11), -3,83,-6,2,83,6,4,78,21,-1,74,27,-17,63,13,-25,37,-16,-17,29,-36,-7,43,-39,0,50,-36,3,55,-32,5,60,-29
swiperight(13), -5,55,-22,-7,61,-21,-7,72,-22,-2,77,-19,6,76,-5,9,73,11,-2,65,11,-10,42,-13,-11,36,-31,-2,52,-30,4,58,-27,8,60,-23,9,62,-20
swiperight(13), -8,56,-11,-15,68,-13,-14,82,-11,-5,82,-1,4,68,15,4,63,31,2,64,33,-11,47,10,-18,36,-20,-5,48,-32,4,58,-29,9,59,-24,10,62,-19
swiperight(12), -4,64,-8,-1,77,-1,1,85,8,4,77,22,-3,74,33,-10,70,27,-16,46,-3,-15,37,-25,0,50,-25,8,57,-23,12,58,-19,11,60,-17
swiperight(12), -8,80,-6,-3,79,1,2,73,17,-3,69,34,-10,67,34,-21,46,15,-25,21,-10,-11,27,-27,-2,46,-27,1,58,-24,-1,65,-20,-6,66,-16
swiperight(11), -15,70,-13,-13,71,-7,-8,73,5,-11,80,15,-13,79,14,-17,58,0,-15,39,-17,3,40,-22,11,48,-20,13,58,-19,8,61,-17
swiperight(13), -2,57,-32,-3,65,-31,-1,69,-27,3,70,-20,9,68,-8,11,73,12,6,80,24,-17,57,3,-26,27,-32,-6,29,-43,6,36,-41,13,39,-37,14,47,-34
swiperight(15), 2,63,-11,-3,59,-9,-12,51,-6,-23,59,-1,-26,83,2,-17,92,6,-3,83,13,6,72,22,-9,61,20,-23,31,-11,-21,25,-39,-10,39,-41,-3,51,-39,0,60,-35,0,62,-30
swiperight(12), -31,64,-4,-29,74,-2,-21,81,7,-12,79,23,-10,73,33,-11,60,30,-20,34,3,-22,26,-29,-8,40,-38,0,50,-39,4,57,-36,5,62,-31
swiperight(16), -3,61,-17,-7,57,-12,-13,51,-7,-23,57,0,-29,76,4,-23,89,11,-13,88,25,-9,80,36,-5,69,41,-16,53,22,-24,37,-12,-10,39,-28,1,52,-32,8,56,-30,11,60,-24,11,65,-17
swiperight(11), -10,83,-6,-1,85,5,0,83,27,-6,79,41,-27,59,36,-47,25,0,-41,14,-37,-15,38,-37,-12,52,-33,-9,62,-30,-6,65,-27
swiperight(15), -7,62,-20,-9,69,-21,-4,77,-20,6,84,-13,15,82,2,16,75,25,8,68,40,-14,56,33,-35,33,-4,-30,22,-39,-12,33,-46,0,46,-43,7,56,-37,10,63,-30,10,65,-24
swiperight(12), 0,66,-16,5,77,-14,13,82,-6,18,79,8,13,74,32,-10,47,22,-23,33,-14,-8,38,-34,3,49,-35,9,58,-32,11,63,-28,10,66,-23
swiperight(12), -16,70,-1,-5,80,14,0,75,28,-3,69,44,-5,64,49,-23,46,20,-32,28,-19,-13,32,-34,0,48,-35,6,57,-34,8,60,-32,7,61,-26
swiperight(12), -7,73,-4,-2,79,5,3,81,20,3,75,38,-3,68,43,-18,56,30,-27,25,-3,-15,21,-30,0,43,-37,8,51,-38,11,54,-35,10,56,-31
swiperight(11), 12,81,10,13,75,23,8,66,36,4,58,33,-12,41,0,-22,28,-30,-8,38,-37,2,52,-36,8,58,-33,9,61,-27,6,63,-22
swiperight(12), -1,71,-15,4,72,-11,12,73,0,16,72,15,9,73,30,4,66,36,-10,37,9,-15,24,-23,1,41,-26,9,53,-24,12,61,-22,7,69,-16
swiperight(11), -3,80,1,-2,83,8,1,78,17,0,71,31,-4,59,32,-16,36,0,-18,30,-29,-4,41,-35,6,51,-33,9,57,-31,10,59,-28
swiperight(13), -3,70,-12,-3,79,-9,1,80,-3,8,73,8,11,67,23,8,65,28,0,47,12,-3,29,-11,8,35,-22,20,52,-20,19,56,-18,14,56,-15,5,60,-12
swiperight(10), -6,81,17,0,77,28,0,73,42,1,62,42,-9,33,9,-13,23,-26,3,38,-35,13,48,-33,15,51,-30,12,50,-27
swiperight(13), -15,77,-2,-13,80,4,-9,78,10,0,69,15,12,62,24,14,66,33,2,59,28,-12,26,-4,-9,17,-32,4,34,-36,11,46,-37,13,55,-35,12,59,-31
swiperight(13), -18,68,-4,-10,78,-1,-2,82,8,3,79,19,6,71,33,5,67,38,-4,55,29,-16,29,-3,-11,22,-32,2,37,-39,9,47,-38,11,53,-34,9,57,-30
swiperight(12), -10,71,-4,-5,77,2,-1,81,14,0,74,30,-2,65,37,-11,48,29,-25,25,-5,-27,24,-41,-13,39,-47,-2,48,-43,3,52,-37,3,56,-32
swiperight(12), -8,74,-13,-4,78,-7,1,78,4,4,73,19,0,68,30,0,58,29,-6,34,3,-5,32,-24,8,48,-29,14,53,-28,17,57,-24,18,61,-20
swiperight(14), -6,58,-15,-9,63,-11,-11,73,-3,-10,83,10,-10,82,25,-9,72,38,-13,65,43,-6,59,37,-8,41,11,-11,31,-17,4,42,-25,12,54,-24,15,58,-20,16,59,-15
swiperight(10), -4,69,36,-8,65,50,-8,58,49,-15,40,13,-17,34,-23,-1,46,-29,13,51,-19,14,55,-14,12,60,-9,7,63,-5
swiperight(15), 1,67,-1,-5,71,3,-8,72,6,-7,70,6,-3,74,11,0,83,25,-2,85,38,-7,79,43,-3,55,39,-7,30,15,-9,36,-12,5,51,-16,12,57,-13,13,59,-12,9,65,-13
swiperight(12), -26,74,-6,-19,80,-2,-11,82,8,-8,78,19,-6,74,33,-25,54,14,-28,17,-23,-13,15,-43,2,30,-40,10,38,-39,12,45,-38,10,52,-36
swiperight(14), -30,61,-8,-37,74,-3,-36,87,8,-30,88,20,-22,78,23,-10,63,24,-3,60,24,2,56,21,-4,40,-1,-5,34,-24,9,45,-26,15,57,-22,17,61,-17,16,63,-14
swiperight(15), -16,67,2,-20,57,-2,-26,61,-2,-27,77,2,-21,88,8,-15,86,18,-12,70,22,-5,48,20,-5,34,7,-10,30,-15,-5,39,-28,0,55,-30,3,63,-30,3,65,-28,0,64,-25
swiperight(18), 2,66,-11,-4,63,-10,-9,62,-9,-12,59,-10,-14,62,-8,-13,78,-4,-9,88,1,-4,85,10,3,73,20,6,65,28,10,63,39,1,45,21,-9,19,-18,2,24,-31,13,43,-30,19,53,-27,18,58,-25,12,63,-24
swiperight(13), -22,60,-14,-27,76,-10,-26,89,-3,-13,73,15,-9,65,20,2,57,22,1,41,4,-7,23,-26,1,27,-36,8,42,-36,13,50,-32,14,56,-27,11,63,-23
swiperight(10), -4,79,7,-2,79,25,-5,72,44,-4,64,45,-12,46,18,-17,31,-14,-4,37,-28,6,47,-28,12,54,-25,14,60,-21
swiperight(11), -9,80,0,-4,75,8,-1,71,22,-5,70,28,-5,62,21,-10,38,-4,-13,26,-30,-3,39,-38,3,50,-39,7,54,-35,8,54,-29
swiperight(14), -14,60,-14,-18,69,-13,-14,73,-9,-8,80,1,-6,83,21,-11,80,38,-7,66,39,-13,47,16,-15,33,-14,1,37,-26,12,48,-25,19,52,-20,18,58,-14,12,59,-13
swiperight(11), -14,86,19,-10,79,27,-5,72,35,-4,71,34,-8,60,19,-13,26,-11,-9,17,-38,1,32,-43,7,40,-41,9,48,-37,7,57,-32
swiperight(10), 3,79,11,4,75,30,-3,75,36,-20,67,18,-31,36,-17,-21,21,-41,-3,33,-42,8,41,-42,12,44,-41,11,46,-38
swiperight(14), -3,71,-14,4,80,-5,8,82,10,9,72,27,2,69,38,-19,62,31,-34,22,-6,-26,3,-41,-10,19,-49,0,27,-49,5,46,-44,4,53,-39,3,57,-36,1,61,-33
swiperight(11), 0,72,-17,16,76,7,9,78,27,4,81,36,-9,65,17,-19,31,-16,-9,19,-38,1,32,-43,6,40,-41,6,49,-38,5,58,-33
swiperight(13), 0,64,-21,4,71,-21,11,76,-15,18,76,-2,18,78,16,7,74,25,-18,39,-2,-29,12,-32,-14,23,-40,-2,40,-42,5,50,-38,7,58,-32,6,63,-27
swiperight(11), -2,74,-10,4,76,1,8,75,16,5,75,25,-4,70,23,-12,44,0,-8,29,-27,2,38,-36,9,46,-34,14,54,-30,16,60,-25
swiperight(11), 0,75,-9,8,74,-1,10,74,15,5,77,29,-11,66,17,-23,35,-13,-15,27,-34,-6,41,-39,1,45,-37,2,58,-29,1,62,-27
swiperight(11), -3,66,-22,2,68,-19,10,72,-12,14,73,1,9,74,18,3,79,26,-13,62,2,-25,38,-30,-15,39,-38,-4,45,-36,4,50,-31
swiperight(13), 2,55,-11,-7,58,-7,-14,74,-6,-6,84,-8,5,81,2,5,80,26,-1,80,38,-8,67,32,-18,33,-30,-1,42,-40,8,51,-36,11,55,-28,11,62,-20
swiperight(14), -4,60,-13,-6,65,-17,-2,73,-21,7,80,-12,13,79,5,10,72,24,7,67,37,-12,53,17,-28,35,-21,-16,36,-37,0,47,-35,11,55,-30,14,61,-23,15,63,-17
swiperight(12), 9,66,-10,16,70,-6,18,76,33,10,80,43,-4,61,24,-18,27,-4,-14,20,-29,2,35,-38,14,46,-35,19,51,-29,19,56,-23,18,58,-17
swiperight(14), 6,69,-10,11,73,-6,16,80,3,19,85,26,11,87,46,-6,80,34,-20,39,1,-18,10,-26,-4,16,-36,5,27,-39,11,44,-39,16,57,-37,18,62,-33,16,62,-28
swiperight(13), 19,68,-28,21,71,-12,14,82,6,-10,70,0,-29,26,-28,-24,2,-44,-11,13,-46,-1,28,-44,6,45,-43,11,61,-40,13,65,-34,11,62,-26,8,60,-22
swiperight(15), -1,62,-23,-4,70,-23,-3,80,-20,5,81,-11,18,71,0,25,69,10,25,66,21,10,45,4,1,31,-22,10,35,-28,17,44,-26,21,64,-20,19,70,-18,16,70,-13,11,67,-9
swiperight(11), -1,66,-17,-2,75,-20,2,82,-16,10,79,-2,11,77,16,3,41,-3,-19,15,-34,-1,22,-44,11,31,-43,16,37,-41,18,45,-40
swiperight(14), 6,59,-22,0,62,-25,-3,72,-28,3,82,-24,10,81,-14,16,73,1,15,75,16,-1,71,18,-13,28,-12,-4,12,-36,13,35,-35,21,44,-32,24,50,-29,22,54,-27
swiperight(11), -3,76,-16,3,83,-13,10,81,-3,14,74,12,17,67,31,3,54,17,-6,33,-18,7,31,-32,17,43,-34,22,46,-34,23,51,-33
swiperight(14), 3,60,-24,1,70,-22,5,78,-18,13,77,-9,21,73,9,16,80,30,2,79,29,-18,32,-5,-15,3,-35,7,21,-40,19,32,-40,24,41,-38,24,48,-35,22,52,-31
swiperight(14), 10,48,-32,6,46,-27,-1,52,-21,-8,72,-21,-7,89,-23,1,87,-14,9,78,2,12,77,11,5,71,8,-9,6,-42,2,20,-44,12,32,-46,17,41,-45,18,49,-42
swiperight(10), 5,81,29,-5,78,24,-20,33,2,-18,-1,-23,-1,7,-41,12,17,-46,18,32,-48,20,44,-47,18,49,-42,14,51,-37
swiperight(16), 1,61,-28,-1,68,-28,-1,75,-25,5,81,-11,10,83,6,7,89,26,-20,58,28,-43,6,-5,-37,-10,-40,-20,0,-47,-6,16,-45,-2,29,-39,-2,50,-36,-3,62,-35,-4,66,-32,-8,68,-30
swiperight(21), -10,59,-26,-13,47,-22,-21,53,-19,-25,79,-15,-21,100,-7,-15,99,9,-10,88,30,-16,83,43,-37,66,34,-51,10,3,-40,-25,-22,-17,-12,-32,1,13,-38,12,39,-41,16,57,-42,17,62,-39,16,61,-34,3,53,-22,-8,54,-20,-15,67,-25,-13,77,-28
swiperight(13), -4,78,-22,3,84,-7,5,89,13,-3,88,28,-19,79,23,-33,33,-6,-26,1,-34,-7,14,-43,3,33,-41,9,56,-36,14,66,-31,16,66,-27,15,64,-23
swiperight(15), -9,49,-25,-16,57,-24,-18,78,-21,-9,85,-13,0,82,3,1,80,20,-7,82,23,-21,67,6,-26,-6,-47,-7,7,-53,10,23,-52,20,37,-50,23,45,-47,22,49,-42,20,51,-39
swiperight(12), 10,76,-18,14,78,-9,14,79,2,7,86,16,-4,80,22,-22,51,-6,-23,33,-38,-5,40,-42,9,49,-39,19,54,-34,23,57,-30,23,58,-27
swiperight(11), 9,75,-9,13,73,3,6,82,16,-15,76,10,-31,27,-22,-25,0,-45,-7,13,-49,4,25,-50,9,36,-52,11,42,-49,12,46,-43
swiperight(11), 2,74,-32,8,72,-27,17,70,-16,15,78,0,-3,68,0,-19,17,-20,-15,-13,-36,-4,-4,-44,3,7,-52,6,21,-57,5,36,-57
swiperight(19), 3,52,-46,-1,46,-42,-5,43,-42,-10,52,-43,-5,66,-37,2,80,-28,6,87,-16,5,87,-4,-2,82,1,-17,62,-3,-26,10,-24,-15,-12,-43,3,7,-42,13,20,-39,14,36,-40,11,57,-45,9,65,-44,9,61,-39,6,57,-34
swiperight(13), -2,79,-24,4,84,-13,6,90,0,2,86,2,-6,59,-10,-9,20,-28,2,0,-43,15,5,-45,22,34,-35,19,53,-29,16,65,-24,15,68,-21,12,68,-19
swiperight(12), -5,78,-17,1,88,-12,5,87,-5,6,75,-1,3,59,-3,-4,35,-15,-8,1,-38,-2,-10,-55,6,7,-56,12,20,-52,14,31,-49,14,42,-48
swiperight(14), 2,53,-33,-3,58,-33,-5,63,-37,1,72,-36,17,81,-7,16,73,7,10,66,9,-3,44,-9,-5,14,-37,8,14,-46,18,32,-45,22,42,-41,23,52,-36,22,60,-31
swiperight(15), 9,51,-21,4,57,-21,1,73,-21,5,86,-18,14,89,-9,20,81,4,18,71,12,7,53,14,-10,26,-9,-13,15,-39,-3,28,-47,6,43,-48,11,53,-45,12,57,-38,12,59,-32
swiperight(11), 4,81,-17,12,82,-9,16,80,5,11,78,15,8,66,15,-3,33,-5,-7,17,-28,7,29,-34,16,40,-36,19,48,-35,18,57,-34
swiperight(13), 1,61,-17,-4,58,-20,-5,68,-19,3,85,-13,11,90,-3,14,81,12,12,74,20,10,63,17,2,47,0,4,24,-42,12,37,-44,16,47,-41,17,57,-38
swiperight(18), 8,60,-30,3,56,-28,-2,52,-27,-7,50,-27,-9,60,-25,-5,80,-23,1,90,-18,5,81,-6,4,75,9,0,73,13,-12,42,-3,-18,6,-26,-5,6,-43,6,25,-50,13,39,-49,15,47,-44,14,50,-38,11,54,-35
swiperight(12), -13,58,-18,-5,87,-2,-2,87,10,-1,82,24,-4,75,21,-13,46,7,-16,17,-17,-5,22,-37,8,39,-40,12,49,-35,13,58,-28,13,64,-23
swiperight(12), -7,66,-16,0,78,-8,5,84,1,7,81,10,3,76,11,0,58,4,-10,36,-11,-11,30,-34,1,38,-44,6,48,-42,9,53,-33,11,62,-25
swiperight(13), -6,70,-18,1,81,-17,9,84,-5,11,79,13,6,72,24,5,62,21,-5,46,0,-12,31,-25,0,35,-32,11,49,-28,16,57,-22,16,64,-16,13,67,-12
swiperight(10), 15,73,15,8,68,21,-3,62,11,-12,30,-13,-6,9,-32,4,31,-38,10,48,-37,12,57,-32,12,63,-26,8,65,-22
swiperight(13), -8,67,-25,-3,73,-26,5,76,-23,13,72,-13,15,72,2,14,74,17,-2,49,4,-10,22,-23,4,26,-34,15,39,-35,19,48,-33,20,57,-31,19,63,-27
swiperight(15), -2,56,-12,-9,60,-14,-10,73,-17,-3,87,-15,5,89,-4,11,81,14,12,80,22,-18,16,-15,-9,9,-37,-1,16,-46,3,32,-47,5,49,-45,7,57,-40,7,57,-37,4,57,-36
swiperight(15), -7,49,-33,-8,55,-32,-2,70,-27,7,81,-15,10,84,2,6,78,20,0,69,21,-14,28,3,-17,-5,-22,-4,4,-39,5,23,-42,11,39,-43,11,50,-44,7,58,-42,4,61,-35
swiperight(12), -2,59,-22,2,66,-25,10,75,-20,13,83,-1,5,83,19,-7,66,18,-17,41,-8,-12,39,-30,2,49,-34,9,51,-31,12,58,-25,13,66,-17
swiperight(13), -6,64,-7,-3,75,-10,4,88,-8,11,85,4,11,72,9,12,53,15,2,39,3,-9,33,-23,-5,40,-33,0,59,-36,6,65,-31,8,66,-26,8,66,-21
swiperight(13), -6,58,-17,-8,66,-19,-3,78,-17,8,83,-7,15,78,9,8,71,19,-1,64,17,-9,35,-4,-9,25,-29,3,44,-35,12,54,-33,16,61,-27,17,64,-22
swiperight(12), -1,61,-12,3,70,-11,12,83,-4,16,87,12,11,82,25,6,67,20,-7,44,0,-9,32,-23,12,57,-31,15,61,-28,15,62,-25,12,61,-22
swiperight(12), -6,72,-15,1,73,-10,9,74,-1,7,76,12,1,77,19,-11,55,2,-16,21,-23,-4,23,-35,7,41,-37,12,48,-36,16,52,-33,16,56,-31
swiperight(11), 1,67,-22,5,70,-16,12,74,11,6,79,18,-11,55,3,-16,23,-19,0,30,-30,11,46,-31,15,55,-32,16,58,-30,16,59,-27
swiperight(12), 0,67,-16,3,73,-16,8,78,-9,10,80,8,1,82,24,-10,71,18,-19,38,-10,-16,26,-32,0,41,-38,7,49,-37,9,51,-32,11,54,-26
swiperight(12), 2,71,-13,5,78,-9,9,81,0,7,84,12,4,81,16,-4,58,8,-9,37,-17,1,42,-34,14,53,-32,18,54,-27,19,56,-21,18,58,-16
swiperight(10), 2,83,19,-7,88,26,-18,81,16,-21,41,-11,-9,18,-33,7,28,-41,18,40,-40,15,43,-35,11,48,-32,9,55,-30
swiperight(11), 1,75,-16,10,76,-12,14,80,4,8,78,14,-12,51,-6,-20,22,-30,-5,23,-37,6,36,-36,12,44,-38,13,55,-40,11,60,-37
swiperight(12), 0,61,-23,0,67,-21,5,75,-16,14,76,-3,15,76,19,6,76,23,-17,12,-14,-7,16,-34,1,31,-39,9,45,-40,13,55,-39,13,59,-35
swiperight(14), 0,63,-26,-4,58,-24,-6,56,-23,-8,63,-24,-4,77,-20,5,85,-9,10,81,8,8,72,19,2,62,12,-1,38,-12,5,28,-29,12,41,-29,16,49,-28,17,57,-27
swiperight(10), 5,83,-18,15,69,0,14,70,9,2,43,-5,-5,16,-27,5,23,-34,12,40,-34,16,49,-33,17,57,-31,16,62,-30
swiperight(11), 1,66,-30,9,70,-20,16,72,-3,14,74,13,8,67,22,-2,36,-2,-3,23,-24,9,39,-20,16,51,-19,20,62,-20,19,68,-19
swiperight(13), -7,59,-18,-7,69,-23,0,77,-23,10,78,-14,13,78,2,8,79,14,-2,73,13,-11,38,-10,-4,20,-32,12,36,-34,19,44,-32,20,52,-29,20,59,-27
swiperight(12), 3,84,-10,7,84,8,6,83,27,-4,78,26,-23,50,0,-30,14,-33,-16,10,-47,0,26,-45,8,40,-41,12,51,-40,13,59,-37,11,60,-31
swiperight(16), -4,54,-22,-12,58,-24,-15,68,-28,-10,75,-27,-1,80,-16,0,82,6,-1,80,33,-6,76,42,-19,63,21,-32,31,-13,-27,11,-36,-8,24,-36,14,60,-27,16,70,-24,16,70,-21,16,66,-18
swiperight(12), -4,70,-13,0,76,-4,11,76,5,11,73,15,7,77,20,-7,75,10,-22,34,-22,-18,12,-44,-3,27,-44,7,37,-42,13,48,-39,15,55,-36
swiperight(17), -2,59,-23,-6,52,-21,-12,57,-21,-14,75,-20,-7,87,-9,3,89,8,6,82,26,3,73,30,5,60,28,-2,47,9,-9,36,-17,0,40,-24,8,53,-24,14,70,-19,12,69,-15,9,65,-12,6,63,-11
swiperight(10), 10,80,0,17,77,10,16,71,21,8,65,28,4,64,27,-2,54,4,-8,44,-20,0,49,-25,7,56,-23,12,64,-16
swiperight(12), -8,66,-3,-5,74,-7,7,80,-5,16,83,7,18,80,29,5,63,42,-11,54,18,-19,49,-15,-5,49,-27,8,56,-25,15,62,-20,16,68,-15
swiperight(13), 0,62,-8,2,69,-10,9,80,-7,17,84,5,20,79,22,14,72,27,3,59,20,-12,40,-9,-15,34,-37,0,44,-39,10,52,-33,14,58,-26,15,62,-20
swiperight(13), 6,65,-6,10,70,-9,20,75,-3,29,75,11,30,70,25,25,61,29,6,49,21,-12,39,-6,-3,45,-31,14,56,-33,22,60,-25,25,61,-17,24,61,-10
swiperight(14), 8,66,-2,15,74,-1,26,81,5,34,78,15,27,70,28,14,61,33,-5,56,19,-16,44,-14,-3,40,-38,13,52,-38,23,57,-25,22,61,-21,20,61,-19,19,59,-17
swiperight(13), 14,88,-9,20,83,0,21,76,13,19,76,24,5,71,15,-18,38,-15,-23,0,-42,-8,-9,-53,7,5,-55,16,24,-54,19,37,-49,18,45,-44,16,50,-41
swiperight(12), -4,66,-33,9,73,-28,15,82,-18,16,82,-3,12,76,6,-4,54,-1,-17,11,-25,-11,-10,-48,1,3,-52,9,15,-50,12,28,-49,10,41,-48
swiperight(13), 0,58,-35,5,63,-39,12,73,-39,18,81,-27,17,85,-5,6,80,8,-10,60,3,-21,12,-20,-12,-13,-43,5,4,-53,12,17,-55,14,28,-55,13,38,-55
swiperight(13), 2,60,-37,8,70,-37,14,80,-29,19,80,-10,20,76,12,8,74,23,-16,29,4,-20,-6,-27,0,9,-41,16,24,-46,24,36,-46,25,44,-45,23,50,-41
swiperight(13), -3,59,-35,3,71,-42,13,85,-38,22,87,-18,22,78,6,12,62,16,-9,41,2,-12,-4,-47,2,14,-51,11,33,-50,15,47,-47,17,57,-41,15,62,-35
swiperight(15), 10,61,-31,17,67,-36,26,72,-32,33,71,-19,33,70,1,23,75,16,-5,58,7,-26,16,-21,-17,-3,-40,0,13,-39,11,40,-32,18,65,-28,21,75,-24,20,71,-20,18,68,-18
swiperight(12), 13,67,-22,21,68,-20,31,73,-4,24,79,12,5,72,16,-16,39,-9,-20,12,-35,-6,20,-42,5,39,-42,11,53,-40,13,61,-36,13,64,-29
swiperight(14), -2,64,-22,3,65,-27,14,72,-27,20,84,-14,14,88,6,1,82,12,-17,51,-1,-24,10,-22,-14,3,-39,1,22,-42,11,41,-42,17,53,-39,19,59,-34,18,59,-30
swiperight(13), 12,62,-24,19,78,-20,22,86,-6,15,88,18,3,84,33,-15,65,19,-23,20,-15,-8,6,-34,9,29,-36,21,44,-36,29,54,-34,29,59,-31,25,59,-28
swiperight(11), 11,80,-12,17,85,2,9,82,20,-3,67,26,-18,33,-5,-21,16,-38,-7,33,-42,3,47,-39,9,51,-36,11,54,-32,13,60,-29
swiperight(12), 7,63,-26,14,73,-24,18,82,-12,11,84,12,0,77,23,-18,42,2,-23,12,-23,-8,24,-30,6,46,-28,16,58,-27,18,62,-25,15,62,-22
swiperight(13), -3,71,-14,4,74,-13,12,80,-2,7,84,18,-2,85,27,-14,47,11,-15,11,-14,0,21,-28,12,38,-33,18,54,-33,15,57,-30,11,59,-28,8,60,-26
swiperight(10), 1,80,-10,6,84,-1,6,86,11,-10,67,11,-18,36,-10,-9,29,-31,7,44,-34,16,53,-34,18,56,-32,17,59,-30
swiperight(12), 1,72,-19,5,77,-16,8,82,-8,7,83,7,1,83,23,-13,72,17,-22,30,-11,-12,8,-33,4,27,-41,12,38,-43,15,45,-42,15,51,-39
swiperight(11), 1,78,-23,12,83,2,10,78,19,1,76,23,-17,49,3,-21,11,-24,-4,10,-39,9,27,-46,15,39,-48,17,49,-46,17,54,-40
swiperight(11), 15,79,-18,21,77,-1,19,77,19,8,80,29,-13,58,15,-20,16,-16,-3,7,-37,10,25,-43,16,36,-44,17,46,-43,16,53,-40
swiperight(14), 10,58,-27,-4,54,-24,-6,72,-21,1,85,-14,10,82,-3,12,76,11,2,76,20,-13,58,7,-16,16,-20,-4,6,-41,10,24,-49,18,32,-50,22,38,-48,22,44,-44
swiperight(13), 5,79,-19,9,80,-11,11,81,2,5,78,10,-7,46,-2,-7,9,-24,5,12,-33,14,32,-31,18,48,-31,13,64,-29,10,62,-25,7,60,-21,2,60,-18
swiperight(14), -5,53,-25,-6,64,-22,-2,80,-21,4,89,-14,10,86,5,7,85,30,-21,46,21,-32,6,-18,-12,18,-37,4,35,-36,14,50,-37,13,55,-34,11,56,-30,7,57,-24
swiperight(17), 0,63,-17,-4,59,-12,-7,61,-8,-8,75,-1,-5,88,11,-2,87,23,3,75,31,4,68,36,-4,61,30,-13,20,-1,-10,-2,-31,0,14,-41,5,29,-45,5,46,-43,4,54,-35,-2,54,-25,-9,58,-17
swiperight(13), -14,69,-12,-13,76,-10,-8,75,-6,-2,77,-3,1,81,5,2,83,23,-4,72,22,-19,24,4,-2,21,-33,7,29,-44,7,41,-49,6,49,-45,4,50,-37
swiperight(12), -9,76,-12,-8,86,-10,-3,85,-1,2,77,14,1,74,27,-13,59,21,-16,20,-5,-1,11,-27,12,29,-34,18,40,-34,19,50,-32,17,57,-29
swiperight(15), 1,60,-18,-5,60,-15,-10,66,-12,-13,80,-12,-10,88,2,1,76,18,-3,71,31,-17,67,21,-24,22,-5,-17,-5,-29,-1,14,-46,9,27,-50,13,39,-47,13,46,-42,10,49,-36
swiperight(13), -14,75,-18,-12,87,-10,-9,88,2,-4,79,16,-8,76,21,-22,60,11,-23,17,-7,-9,2,-28,5,17,-38,13,32,-41,15,46,-39,12,53,-33,7,61,-25
swiperight(13), -24,82,2,-19,86,11,-14,83,17,-10,75,27,-14,79,36,-29,68,26,-30,15,3,-14,-12,-20,2,5,-35,9,21,-41,10,35,-42,6,43,-41,1,49,-38
swiperight(12), -27,69,-9,-25,77,-6,-19,85,-1,-14,83,11,-15,76,32,-20,69,32,-29,31,6,-24,6,-21,5,31,-39,8,40,-35,8,50,-30,5,56,-22
swiperight(13), -16,78,1,-15,88,10,-11,83,16,-4,70,29,-6,63,20,-11,18,3,-14,-10,-17,-4,5,-37,4,21,-45,8,38,-47,7,49,-44,4,52,-38,-2,54,-33
swiperight(14), -28,67,-13,-24,74,-11,-15,79,-2,-5,74,14,-7,71,35,-15,74,33,-23,35,7,-22,4,-16,-9,18,-28,0,32,-31,3,48,-34,3,60,-34,-2,61,-28,-10,63,-20
swiperight(10), -20,78,10,-16,74,15,-15,71,18,-14,54,12,-12,8,-9,-5,-4,-26,7,16,-33,10,24,-40,5,36,-44,-3,46,-42
swiperight(16), -19,76,1,-14,78,12,-9,79,22,-12,78,32,-13,77,33,-19,33,18,-17,-4,-8,-1,10,-29,4,24,-36,2,40,-40,-1,51,-40,-11,54,-21,-23,64,-10,-31,70,0,-27,73,6,-23,82,15
swiperight(11), -25,87,26,-21,78,26,-12,69,28,1,62,26,-1,23,5,-6,-5,-17,4,9,-31,11,27,-40,14,40,-42,11,51,-38,7,63,-34
swiperight(13), -14,66,-5,-10,78,6,-7,86,18,-3,85,26,-1,77,31,1,60,23,-6,20,2,-11,-4,-20,-4,10,-39,7,41,-42,7,55,-37,6,59,-31,2,59,-26
swiperight(13), -18,73,0,-13,78,7,-9,81,20,-9,79,34,-7,77,32,-15,39,14,-19,10,-7,-8,26,-20,3,40,-24,10,54,-28,11,64,-28,9,66,-25,4,62,-19
swiperight(12), -10,74,0,-8,81,5,-6,83,14,-6,78,25,-17,52,18,-21,7,-10,-12,3,-33,-3,25,-39,3,40,-40,4,51,-39,1,57,-35,-4,61,-30
swiperight(12), -16,59,-12,-14,67,-9,-11,82,1,-11,89,17,-15,88,28,-28,68,27,-34,27,1,-23,18,-32,-10,36,-41,-4,50,-41,-4,59,-38,-7,62,-35
swiperight(10), -44,52,-21,-50,63,-6,-53,64,2,-61,20,2,-66,-10,-16,-54,4,-38,-45,18,-42,-44,25,-39,-48,24,-36,-55,19,-34
swiperight(16), -57,13,-34,-50,14,-36,-44,18,-37,-40,33,-36,-35,59,-26,-30,81,-8,-29,83,16,-32,72,30,-45,61,20,-49,38,-11,-31,30,-30,-9,48,-28,4,60,-26,4,73,-19,0,70,-17,-5,70,-15
swiperight(12), -8,82,-6,1,81,0,13,75,14,12,73,26,-7,65,21,-25,28,-9,-18,13,-31,-1,35,-34,9,47,-37,12,56,-37,12,66,-34,10,65,-28
swiperight(13), 0,68,-7,1,74,-4,4,84,2,7,86,12,9,77,22,2,67,44,-7,40,21,-14,22,-9,0,34,-18,9,52,-18,11,67,-19,9,73,-19,6,70,-18
swiperight(11), -1,82,-1,7,77,10,7,69,19,9,60,23,-3,33,1,-13,17,-26,-3,30,-34,6,44,-38,10,52,-40,10,58,-38,8,63,-33
swiperight(14), 13,78,-5,18,73,5,22,68,20,7,52,13,-7,15,-15,0,10,-29,10,35,-30,17,48,-30,15,52,-30,4,53,-30,-13,65,-29,-17,78,-28,-10,81,-22,-3,83,-11
swiperight(10), 4,83,3,4,79,25,-4,70,34,-17,37,12,-12,19,-12,5,34,-25,15,49,-28,19,61,-28,15,61,-28,8,55,-24
swiperight(13), 1,60,-20,0,76,-16,8,87,-10,16,86,2,21,73,14,15,66,21,-8,17,-8,-5,11,-32,6,33,-38,12,49,-39,11,52,-35,3,60,-31,-3,71,-26
swiperight(13), -13,70,-5,-10,85,0,-8,95,7,1,81,12,9,67,23,9,63,32,-7,41,10,-16,23,-17,-5,32,-25,6,50,-25,10,64,-20,9,72,-15,6,70,-12
swiperight(30), -2,65,-9,-14,63,-7,-21,62,-6,-21,68,-5,-9,90,2,-1,88,9,9,74,15,12,64,19,3,49,17,-9,22,-7,-6,19,-27,6,40,-27,8,53,-29,2,56,-26,-8,61,-18,-19,76,-10,-21,88,-5,-16,93,2,-10,89,10,-3,76,15,7,61,19,10,57,26,5,51,22,-4,25,-6,-5,23,-28,6,47,-27,11,62,-25,12,70,-22,10,70,-17,3,71,-11
swiperight(14), -10,60,-16,-13,68,-13,-13,79,-10,-9,85,-1,-5,81,12,-3,75,35,-9,74,45,-30,47,23,-35,12,-7,-16,20,-22,-2,41,-24,4,55,-25,1,60,-27,-6,67,-24
swiperight(15), -13,84,3,-14,86,12,-14,77,19,-13,68,29,-16,68,32,-28,56,14,-36,11,-11,-29,-5,-29,-19,14,-40,-13,26,-45,-14,39,-44,-21,54,-40,-26,65,-35,-24,62,-28,-23,56,-22
swiperight(11), -25,72,19,-17,69,19,-14,68,30,-16,70,28,-23,41,14,-21,7,0,0,31,-33,1,50,-40,1,65,-41,0,63,-36,-3,56,-28
swiperight(11), -15,76,-3,-13,77,5,-10,74,13,-10,71,18,-9,67,15,-13,46,2,-14,31,-21,-6,36,-38,0,46,-41,6,54,-37,7,58,-32
swiperight(12), -18,71,-13,-10,79,-5,-4,82,4,2,76,13,-6,76,34,-18,63,15,-23,31,-14,-12,22,-32,0,36,-34,7,48,-34,9,59,-31,9,68,-26
swiperight(12), -8,75,4,-4,85,11,0,87,19,3,81,29,0,75,36,-8,59,31,-14,36,3,-11,35,-24,0,48,-31,8,57,-31,12,64,-28,13,65,-24
swiperight(17), 8,63,-21,-1,59,-19,-9,55,-19,-15,60,-20,-16,72,-19,-3,89,-6,4,80,10,0,78,31,-18,68,30,-28,18,1,-21,-2,-22,-9,20,-29,0,39,-35,2,54,-38,-2,59,-37,-9,59,-32,-17,59,-25
swiperight(12), -17,65,-19,-10,67,-14,-4,79,-3,-2,87,15,-4,82,32,-12,62,36,-22,24,7,-17,19,-21,-2,41,-27,7,51,-28,10,59,-28,8,63,-27
swiperight(10), -3,74,23,-16,38,7,-22,-2,-18,-13,4,-38,-4,19,-47,2,33,-48,5,50,-45,6,58,-40,5,58,-35,3,59,-32
swiperight(11), 0,78,-13,6,83,-2,5,80,13,10,63,25,0,43,8,-11,34,-17,0,43,-19,9,64,-13,7,66,-17,4,66,-20,0,67,-19
swiperight(10), -6,86,8,0,81,17,3,73,22,3,56,19,-3,35,2,-1,32,-16,12,48,-21,18,60,-22,17,62,-20,15,64,-18
swiperight(12), -6,58,-20,-4,68,-18,1,90,-11,3,91,3,3,62,27,-4,41,11,-11,20,-11,-2,33,-25,5,52,-25,6,59,-21,2,65,-17,-2,70,-14
swiperight(13), -11,65,-2,-10,72,1,-7,84,8,-2,89,19,3,77,27,11,57,34,0,39,22,-15,28,-7,-6,37,-22,2,56,-24,7,67,-20,8,75,-16,5,78,-11
swiperight(15), 0,73,-7,-5,65,-6,-12,57,-3,-20,62,1,-18,77,5,-9,90,10,2,69,25,0,59,22,-8,45,9,-14,26,-14,-6,27,-31,1,46,-34,3,59,-31,4,66,-27,3,69,-19
swiperight(15), -4,68,-11,-10,65,-8,-16,67,-2,-17,74,6,-15,83,18,-11,85,32,-5,73,41,-3,60,40,-2,49,31,-8,29,3,-7,26,-21,6,45,-26,14,58,-25,16,64,-22,13,65,-18
swiperight(11), -14,80,3,-6,84,16,-9,83,30,-16,75,33,-21,58,24,-20,29,-2,-13,22,-24,-1,43,-28,6,55,-29,7,58,-26,6,62,-22
swiperight(12), -14,80,9,-10,85,18,-3,80,26,-1,72,39,-8,65,40,-14,54,27,-15,32,1,-9,29,-18,5,49,-19,13,60,-17,13,63,-13,8,62,-10
swiperight(10), -6,73,21,1,67,31,-2,67,39,-7,61,35,-9,41,6,-3,37,-15,9,52,-16,13,57,-19,13,61,-20,10,65,-18
swiperight(13), 9,77,16,2,71,30,-8,68,28,-21,32,7,-21,7,-18,-8,22,-38,-1,31,-44,-2,37,-43,-7,49,-37,-18,65,-22,-20,58,-18,-24,61,-15,-27,70,-14
swiperight(13), -24,78,-13,-16,80,-7,-7,79,4,1,72,18,3,66,27,6,57,26,1,42,7,-3,28,-17,9,33,-22,17,49,-20,17,59,-20,13,64,-18,8,68,-16
swiperight(11), -4,79,-10,3,86,4,3,81,18,-5,74,25,-6,66,26,-12,44,5,-16,24,-24,5,40,-39,8,46,-40,8,53,-39,5,59,-35
swiperight(11), -5,86,-4,0,87,7,4,78,20,4,68,32,-10,54,22,-17,30,-10,-8,28,-25,2,48,-25,8,56,-24,8,63,-21,5,68,-17
swiperight(10), -6,84,1,-1,82,13,-3,77,27,-1,71,34,-6,53,18,4,14,-27,15,30,-32,17,42,-35,14,50,-35,8,58,-32
swiperight(13), -4,59,-19,-3,71,-17,1,87,-10,2,90,6,1,77,21,0,63,20,-2,52,17,-7,35,-3,-7,26,-32,1,41,-41,6,55,-40,7,58,-35,5,60,-28
swiperight(11), -1,72,-20,6,76,-16,14,75,-8,17,76,18,6,65,12,-3,23,-12,3,8,-28,12,27,-32,17,37,-32,17,47,-30,15,58,-28
swiperight(12), -1,79,-11,7,85,-3,14,79,10,13,74,19,11,74,21,-3,48,3,-12,19,-24,0,22,-36,9,36,-40,14,43,-41,14,48,-38,10,51,-35
swiperight(13), -1,59,-27,-2,66,-24,-1,76,-21,11,77,-2,7,76,14,5,73,23,-6,52,5,-16,26,-22,-3,28,-32,8,45,-30,15,54,-27,16,61,-23,13,64,-20
swiperight(13), -17,78,13,-11,72,22,-6,64,33,-8,65,45,-16,72,37,-35,35,8,-39,1,-24,-21,9,-44,-5,17,-46,6,30,-45,10,41,-44,11,50,-40,12,56,-36
swiperight(13), 0,62,-18,1,69,-18,4,75,-17,13,73,-1,14,73,14,6,81,27,-6,80,26,-21,52,1,-20,34,-27,-3,42,-33,7,50,-32,11,55,-28,11,61,-25
swiperight(17), 0,67,-12,-4,63,-9,-9,57,-7,-15,58,-6,-17,73,-4,-13,90,3,-9,91,16,-4,83,33,-11,89,48,-39,79,40,-59,28,-3,-46,2,-38,-22,18,-43,-6,35,-43,3,46,-41,6,53,-36,5,59,-29
swiperight(14), -20,67,-13,-19,82,-11,-14,94,-1,-8,95,12,-2,93,27,-9,84,35,-39,45,11,-51,7,-30,-31,8,-48,-11,25,-47,2,43,-41,10,54,-38,13,60,-38,11,62,-33
swiperight(10), -7,84,-1,0,83,20,1,85,38,-30,63,21,-43,23,-16,-24,9,-52,-2,25,-59,10,34,-54,13,35,-50,13,41,-45
swiperight(14), -8,59,-23,-7,69,-18,-1,82,-13,6,87,-5,12,80,14,5,74,37,-9,67,39,-29,43,2,-34,24,-42,-19,28,-58,-6,37,-54,6,43,-47,11,47,-40,14,53,-35
swiperight(15), 6,60,-26,1,58,-21,-1,59,-18,-1,67,-16,3,78,-12,11,84,3,13,80,31,8,78,49,-10,66,38,-25,38,1,-20,31,-34,-2,40,-44,11,46,-43,17,52,-38,18,55,-33
swiperight(12), -5,73,-23,4,80,-12,9,83,8,6,82,29,0,75,32,-22,45,5,-30,26,-30,-11,37,-46,3,48,-46,14,52,-38,15,53,-35,15,55,-33
swiperight(16), 12,53,-25,7,50,-22,1,53,-20,-5,69,-19,-4,83,-13,6,87,1,14,83,21,14,78,38,10,69,44,-15,48,19,-26,28,-21,-6,32,-38,8,50,-41,15,56,-40,20,60,-36,20,61,-30
swiperight(16), 16,56,-25,14,49,-23,8,45,-18,-1,57,-11,-5,77,-9,0,87,-6,10,88,2,15,84,17,7,65,37,-12,38,17,-25,21,-22,-10,31,-44,5,48,-44,12,56,-39,14,59,-34,13,60,-27
swiperight(13), -13,83,-9,-2,87,3,8,83,21,9,74,36,3,64,34,-11,52,15,-22,38,-15,-11,36,-41,8,48,-45,22,56,-40,25,58,-35,21,58,-29,16,55,-23
swiperight(11), 9,79,-3,16,78,5,22,73,21,13,71,35,1,65,38,-17,43,11,-22,33,-27,-2,46,-41,10,55,-41,14,55,-35,14,56,-30
swiperight(15), -4,55,-20,-8,60,-20,-7,76,-17,0,87,-8,10,84,7,16,76,27,7,73,41,-16,64,38,-41,42,0,-44,31,-44,-21,38,-49,5,55,-33,8,57,-26,8,60,-21,6,60,-17
swiperight(11), -3,80,5,2,81,21,7,77,35,6,68,29,-4,49,19,-16,33,-3,-12,40,-35,3,52,-43,12,59,-37,15,63,-28,15,64,-22
swiperight(10), -5,86,3,2,83,15,3,62,39,-10,55,23,-19,41,-10,-14,40,-35,-1,52,-37,9,55,-33,13,59,-28,14,59,-23
swiperight(14), -3,65,-10,-5,72,-11,-2,80,-5,5,82,8,11,74,24,8,67,38,5,58,41,-10,48,19,-21,42,-14,-6,48,-31,7,59,-32,13,62,-27,14,62,-21,14,65,-15
swiperight(12), -8,82,1,-4,88,13,-2,83,27,-3,74,38,-6,68,43,-26,50,17,-36,33,-23,-21,40,-34,-9,52,-29,-4,59,-26,-5,62,-23,-8,62,-20
swiperight(14), -17,66,-10,-15,75,-4,-8,83,9,1,79,24,1,74,31,-2,60,29,-17,37,1,-25,33,-34,-9,42,-46,2,46,-42,12,60,-22,13,63,-13,12,66,-8,10,66,-5
swiperight(14), -1,65,-3,-3,74,-6,1,78,-8,12,75,0,20,73,17,14,77,33,8,74,40,-10,62,26,-25,46,-4,-13,45,-26,2,55,-30,10,60,-28,13,63,-24,13,66,-20
swiperight(13), -1,57,-12,-2,63,-10,0,75,-5,6,86,4,12,85,17,11,76,34,-12,50,22,-21,29,-9,-14,32,-33,0,50,-35,8,57,-34,11,60,-30,11,61,-25
swiperight(13), -3,65,-7,-4,73,-5,1,86,3,7,87,17,11,74,32,10,63,36,5,52,32,-7,35,5,-11,36,-27,3,51,-35,13,57,-33,17,61,-27,17,65,-22
swiperight(14), 9,61,-13,4,56,-11,-2,59,-8,-2,84,4,3,90,20,4,84,37,-2,73,40,-6,54,33,-14,29,3,-14,26,-30,0,41,-37,10,50,-38,13,56,-37,15,60,-33
swiperight(15), 9,56,-23,7,52,-19,4,56,-16,4,73,-13,10,88,-3,13,87,11,13,75,28,8,65,36,7,51,32,-1,31,6,-3,33,-20,13,50,-26,19,57,-28,19,60,-26,18,61,-22
swiperight(16), 15,60,-18,10,58,-10,6,54,-6,1,65,4,0,87,16,0,93,26,1,80,35,4,64,41,9,54,41,5,38,23,-1,25,-6,8,36,-24,18,52,-26,23,59,-25,22,63,-22,18,65,-18
swiperight(13), -6,57,-9,-7,73,-5,-1,88,2,6,86,13,8,75,28,3,66,37,6,52,34,-2,32,10,-9,29,-22,8,42,-37,17,51,-39,20,53,-36,17,56,-27
swiperight(13), 4,64,-8,5,71,-7,10,79,-2,16,81,10,18,73,29,18,64,40,10,49,39,-5,36,11,-6,45,-23,8,54,-33,17,52,-32,20,57,-27,21,61,-23
swiperight(10), -2,82,4,5,87,14,12,80,35,11,68,51,-17,27,10,-22,27,-29,-6,44,-40,5,53,-41,10,58,-37,10,60,-31
swiperight(14), -2,61,-11,-3,61,-4,1,70,2,7,83,12,9,88,32,6,77,46,6,60,42,-5,41,25,-18,28,-8,-6,36,-37,9,49,-45,13,53,-41,12,58,-35,9,61,-29
swiperight(12), -8,58,-11,-11,62,-7,-8,72,-2,3,81,28,-2,71,40,2,54,40,-7,34,18,-17,34,-16,-4,49,-27,3,56,-24,5,59,-21,3,63,-17
swiperight(12), -16,65,2,-12,77,13,-7,83,25,-4,75,41,-8,68,48,-7,54,44,-11,31,15,-11,30,-19,4,47,-26,11,57,-26,10,60,-24,6,62,-20
swiperight(14), -13,57,-15,-25,61,-14,-29,74,-12,-24,83,-7,-11,80,2,-5,73,18,-10,68,27,-24,50,20,-36,25,-7,-34,31,-35,-23,51,-42,-16,57,-41,-16,56,-36,-16,54,-29
swiperight(13), -25,60,-23,-24,66,-29,-20,65,-28,-8,62,-21,-2,72,-8,-10,80,5,-12,57,14,-27,33,2,-40,33,-30,-30,45,-47,-23,56,-45,-20,55,-36,-20,54,-30
swiperight(14), -33,30,-49,-33,37,-46,-30,51,-37,-22,64,-24,-14,70,-12,-6,70,3,-4,71,12,-20,58,19,-44,32,-41,-26,47,-51,-10,58,-49,-2,59,-41,0,56,-34,0,55,-29
swiperight(14), 2,52,-18,-1,58,-12,-6,75,-5,-4,89,3,4,88,14,11,75,25,9,68,33,8,70,34,6,61,29,-6,45,3,-8,34,-24,-2,40,-28,4,54,-29,7,61,-27
swiperight(11), -16,86,-9,-1,77,15,2,66,26,6,53,36,-17,38,22,-41,28,-19,-29,35,-42,-16,50,-44,-7,56,-38,0,60,-33,2,61,-28
swiperight(12), -33,75,-6,-24,76,5,-15,71,19,-10,65,33,-4,62,39,-11,42,17,-21,14,-20,-11,17,-40,-4,33,-45,0,40,-45,-1,45,-43,-4,50,-41
swiperight(14), -46,51,-6,-51,66,-7,-46,80,-3,-35,84,3,-22,80,13,-14,77,22,-14,59,27,-27,23,5,-30,6,-30,-14,22,-42,-4,42,-43,1,53,-41,2,59,-39,-1,62,-37
swiperight(15), -13,57,-31,-9,64,-24,-2,74,-14,5,78,1,6,76,17,4,74,23,-15,50,14,-28,18,-16,-16,23,-41,-5,42,-43,0,50,-42,3,65,-32,0,62,-30,-4,59,-31,-6,58,-31
swiperight(12), 1,63,-22,11,62,-22,20,60,-19,21,61,-9,14,66,-1,0,57,-4,-12,22,-26,-11,12,-46,-4,31,-50,0,42,-47,3,50,-43,3,56,-39
swiperight(11), 7,60,-31,13,67,-29,23,70,-21,25,67,-9,3,55,9,-11,32,-16,-3,30,-39,6,45,-40,10,51,-39,11,55,-36,10,54,-30
swiperight(10), -13,61,-22,-3,84,-8,2,83,6,2,71,14,6,51,18,-3,31,1,-11,27,-27,-1,32,-37,0,42,-37,-2,57,-34
swiperight(13), -7,68,-13,-5,75,-10,1,75,-7,7,70,-1,8,71,14,1,75,28,-7,67,31,-21,41,7,-23,25,-28,-10,35,-42,-2,48,-43,3,57,-39,4,61,-35
swiperight(14), -22,68,-11,-18,75,-11,-9,79,-7,1,75,5,2,72,19,-6,75,24,-22,66,17,-31,23,-10,-21,9,-39,-5,32,-48,7,48,-43,8,52,-39,9,54,-35,7,55,-33
swiperight(11), 4,78,-9,10,72,5,10,72,21,6,72,29,-16,53,6,-27,32,-27,-9,38,-36,2,49,-32,7,52,-27,5,56,-25,-1,65,-23
swiperight(13), -16,50,-28,-23,59,-22,-21,81,-15,-12,90,-2,-4,84,16,-5,76,29,-10,56,29,-17,20,-3,-14,9,-41,-2,22,-46,6,33,-46,12,41,-46,16,47,-42
swiperight(15), -9,59,-18,-13,52,-17,-20,46,-16,-26,60,-16,-28,90,-8,-24,102,11,-17,89,27,-13,72,35,-11,53,39,-19,31,8,-23,27,-27,-12,39,-32,-6,51,-31,-4,66,-28,-8,67,-22
swiperight(11), -17,77,5,-14,78,15,-11,76,26,-8,72,25,-9,58,17,-15,29,-7,-15,22,-32,-7,39,-35,-2,48,-31,0,56,-30,-2,63,-28
swiperight(10), -10,83,11,-9,82,27,-9,76,38,-26,51,18,-35,24,-18,-18,28,-35,-5,47,-37,3,55,-36,4,58,-35,-1,60,-33
swiperight(14), -43,37,-32,-50,37,-37,-41,56,-25,-36,74,-9,-38,78,4,-35,63,6,-42,35,5,-56,9,-16,-54,9,-49,-42,26,-54,-33,39,-52,-29,40,-48,-30,31,-41,-35,28,-35
swiperight(17), -48,28,-34,-48,38,-37,-45,58,-36,-38,73,-27,-30,74,-14,-22,70,0,-18,64,5,-21,52,5,-23,37,-13,-17,36,-32,-7,49,-28,-1,59,-27,0,59,-26,-15,72,-17,-22,80,-15,-21,76,-14,-18,74,-9
swiperight(12), -17,74,-3,-10,72,5,1,69,18,9,66,33,8,65,36,5,60,29,-2,38,3,-2,31,-21,8,43,-26,15,52,-27,17,60,-28,16,64,-28
swiperight(18), 13,62,-26,9,58,-22,2,51,-18,-9,58,-16,-17,75,-17,-14,82,-16,-4,82,-8,6,77,6,10,70,23,10,67,32,-5,65,21,-19,34,-13,-11,16,-35,2,34,-36,12,51,-37,10,55,-35,5,57,-31,0,61,-28
swiperight(15), -33,47,-29,-33,54,-30,-30,65,-26,-23,70,-18,-13,64,-6,-8,57,9,-11,63,5,-20,43,-4,-25,16,-21,-19,13,-48,-12,18,-58,-9,33,-52,-11,39,-48,-14,40,-44,-18,40,-46
swiperight(10), -17,63,-33,-10,64,-26,-4,65,-18,-8,72,-9,-10,77,-5,-13,40,-17,-3,27,-43,4,36,-44,5,42,-45,4,46,-46
swiperight(12), -4,55,-40,3,61,-31,12,63,-16,11,66,1,3,78,5,-21,40,-5,-33,-3,-23,-12,19,-37,-11,47,-38,-11,61,-37,-10,58,-32,-10,54,-26
swiperight(12), -12,80,-10,-8,85,-1,-1,81,10,0,77,21,-4,71,35,-20,55,15,-28,35,-25,-10,38,-31,3,53,-26,7,59,-24,3,68,-22,1,72,-19
swiperight(11), -4,89,-7,6,80,7,9,71,25,-20,62,23,-40,24,-12,-32,3,-38,-11,20,-38,3,35,-34,10,46,-33,10,57,-31,7,65,-27
swiperight(13), -5,69,-14,-7,85,-5,-12,102,12,-16,102,29,-18,86,38,-24,64,40,-21,45,39,-21,23,3,-17,17,-33,-2,32,-37,3,45,-38,2,55,-36,0,65,-33
swiperight(15), -6,66,-23,-11,70,-23,-12,76,-25,-7,80,-25,-1,86,-20,11,77,9,7,74,31,-19,53,16,-35,19,-25,-23,13,-44,-9,27,-47,3,42,-47,8,51,-45,8,58,-40,8,62,-33
swiperight(12), -12,83,-17,-3,84,-10,3,84,6,3,77,30,2,68,52,-18,54,29,-30,34,-20,-12,33,-40,5,43,-39,13,48,-36,16,54,-34,17,58,-31
swiperight(15), 8,59,-22,-2,57,-20,-6,62,-17,-6,77,-14,0,92,-8,7,93,4,11,80,20,14,67,37,0,56,39,-19,38,0,-13,34,-34,1,46,-36,12,54,-31,18,61,-23,19,66,-17
swiperight(14), -8,69,-2,-4,76,-2,3,84,3,9,85,11,16,76,19,22,61,31,21,48,36,1,40,18,-16,31,-16,-10,36,-35,10,61,-34,10,62,-31,6,62,-27,2,63,-25
swiperight(13), -6,69,-10,0,78,-7,12,85,-2,23,81,11,24,69,28,19,53,44,-6,33,16,-20,27,-27,-3,41,-32,9,55,-27,12,60,-23,11,67,-21,10,72,-16
swiperight(12), -8,63,-1,-6,72,-2,2,85,-1,20,78,29,14,68,44,5,56,41,-10,32,6,-14,25,-28,4,40,-34,14,50,-33,17,56,-29,15,61,-24
swiperight(15), 0,57,-13,-6,56,-9,-7,69,-4,1,92,3,8,99,15,13,78,26,12,59,39,8,48,37,-8,37,5,-12,35,-25,3,45,-33,13,57,-29,16,61,-23,15,65,-18,12,66,-14
swiperight(11), 5,85,11,8,84,25,7,73,40,5,62,44,-10,50,26,-18,36,-5,-2,39,-21,12,52,-20,17,60,-18,18,67,-13,16,69,-10
swiperight(13), -13,74,8,-5,75,14,4,75,27,5,70,40,-5,66,43,-12,55,28,-18,26,-8,-15,19,-34,-1,36,-37,10,52,-33,10,58,-28,9,62,-22,5,63,-18
swiperight(11), -7,80,5,2,75,16,5,71,30,2,70,32,-8,55,15,-14,36,-12,-3,37,-25,10,54,-25,16,61,-22,17,63,-19,16,64,-15
swiperight(15), 5,60,-7,-1,58,-6,-10,60,-6,-17,68,0,-19,82,10,-16,88,19,-12,81,27,-9,66,42,-19,52,16,-23,32,-16,-8,33,-31,4,49,-32,12,57,-30,16,58,-26,17,57,-21
swiperight(13), -23,66,-5,-23,82,-4,-13,89,1,0,82,11,7,73,30,2,69,39,-14,58,25,-22,37,-7,-9,35,-29,6,46,-31,16,54,-30,20,62,-25,20,65,-21
swiperight(15), 11,66,-9,6,63,-7,-2,55,-5,-24,66,3,-27,84,4,-18,94,12,-8,87,25,-5,75,42,-7,67,46,-23,49,19,-29,35,-17,-10,38,-35,2,46,-38,9,54,-37,12,59,-34
swiperight(15), 6,55,-18,0,49,-17,-8,58,-13,-9,83,-9,-2,96,0,5,87,15,5,77,28,6,64,34,-3,51,16,-10,33,-18,3,31,-33,14,49,-31,20,55,-28,21,59,-24,16,61,-18
swiperight(14), -2,61,-13,-9,66,-13,-10,78,-12,-4,88,-4,2,87,12,4,74,26,9,56,33,1,43,18,-7,36,-11,4,43,-25,13,56,-26,17,61,-24,16,64,-20,12,67,-16
swiperight(14), -11,60,-13,-15,56,-11,-19,56,-7,-20,69,-5,-18,85,0,-12,88,11,-3,73,21,3,41,16,2,37,0,-1,48,-25,8,61,-26,13,65,-20,15,63,-13,14,64,-8
swiperight(14), -2,60,1,-6,67,1,-6,77,1,-3,86,7,4,84,18,10,71,33,13,59,40,4,44,24,-7,29,-9,-4,39,-28,-2,58,-27,-3,64,-23,-8,65,-19,-12,64,-16
swiperight(11), -20,61,-31,-10,59,-25,1,59,-16,-2,63,-10,-14,55,-1,-34,41,-10,-45,48,-34,-38,62,-40,-30,61,-29,-30,55,-23,-31,51,-20
swiperight(15), -43,43,-17,-46,38,-20,-50,38,-24,-51,45,-28,-46,65,-24,-37,66,-18,-28,61,-12,-21,50,-1,-32,35,-2,-44,27,-27,-39,40,-41,-32,57,-35,-29,61,-29,-30,57,-25,-32,53,-22
swiperight(11), -28,47,-42,-18,63,-28,-16,68,-10,-22,65,-3,-37,56,-2,-40,41,-39,-19,56,-36,-5,65,-26,2,69,-18,3,71,-13,-1,72,-11
swiperight(12), -20,79,-1,-15,81,8,-9,80,17,-11,76,21,-9,61,26,-17,34,11,-30,25,-17,-29,40,-26,-30,55,-29,-31,60,-29,-32,58,-26,-35,56,-24
swiperight(12), -47,35,-33,-26,79,-12,-16,77,15,-19,74,31,-22,67,36,-35,50,7,-35,36,-31,-11,43,-37,4,54,-34,10,59,-29,10,65,-25,8,70,-20
swiperight(12), -1,84,-10,9,89,-4,21,80,11,21,72,28,16,59,36,-7,38,17,-23,21,-19,-9,22,-39,4,38,-42,10,50,-40,12,59,-35,13,64,-26
swiperight(16), 12,66,-18,6,63,-14,4,64,-14,3,68,-16,8,73,-15,17,84,-5,25,91,12,24,82,33,17,63,44,-2,50,31,-16,36,-5,-4,30,-30,14,38,-31,23,47,-27,26,54,-25,24,58,-22
swiperight(17), 21,60,-17,17,64,-14,13,66,-13,9,61,-12,1,63,-10,-2,79,-8,6,98,-3,15,98,11,16,77,28,11,55,31,3,47,25,-7,31,-2,-5,22,-27,8,38,-27,13,52,-27,15,60,-26,13,70,-19
swiperight(16), 5,69,-12,0,65,-9,-4,63,-8,-6,66,-10,-2,79,-11,8,92,-4,16,87,14,19,69,32,16,45,37,3,37,26,-4,36,-1,7,40,-20,17,54,-23,21,58,-23,22,63,-20,20,66,-17
swiperight(12), 3,71,-6,7,78,-5,15,86,-1,23,81,7,28,66,15,21,57,16,17,50,16,2,26,-25,12,41,-31,19,52,-31,19,58,-29,16,62,-24
swiperight(14), -5,67,-7,-8,72,-10,-8,81,-14,1,87,-12,16,82,1,20,73,17,17,64,31,-4,45,17,-20,26,-18,-5,33,-29,8,51,-27,14,58,-24,15,64,-19,16,68,-17
swiperight(13), -11,59,11,-17,76,16,-9,87,29,-6,82,49,-6,67,62,0,55,57,-9,39,31,-19,26,-7,-4,37,-29,12,50,-29,19,55,-25,18,58,-20,15,60,-15
swiperight(14), -6,64,-2,-7,71,1,-2,87,5,6,94,14,9,82,26,4,67,30,5,50,33,-5,33,10,-12,29,-24,1,42,-31,11,57,-29,16,62,-25,15,63,-20,10,64,-16
swiperight(12), -5,80,6,4,87,20,5,84,38,-2,69,41,-9,51,34,-16,32,9,-12,34,-17,5,51,-21,17,62,-18,21,67,-13,19,68,-11,12,68,-9
swiperight(12), -14,83,-3,-5,84,8,2,79,23,1,72,37,-1,61,34,-14,40,9,-20,26,-18,-4,36,-31,14,57,-29,15,58,-24,12,59,-18,5,65,-12
swiperight(13), -7,66,-5,-5,74,3,0,82,14,4,84,32,3,77,51,-3,67,56,-16,46,49,-27,28,11,-17,36,-21,1,53,-19,9,61,-14,13,64,-9,13,67,-6
swiperight(12), -12,64,2,-7,77,3,3,88,17,7,85,35,2,73,48,1,58,45,-12,32,-5,0,39,-22,11,51,-26,17,56,-23,17,59,-18,15,63,-14
swiperight(12), -1,75,15,3,78,22,8,72,29,10,68,36,9,67,41,-1,57,25,-4,40,-6,10,38,-17,21,49,-16,26,55,-18,25,55,-20,20,55,-20
swiperight(15), 7,60,-21,1,55,-19,-8,60,-16,-15,75,-11,-12,87,-3,-3,89,7,5,80,15,12,64,26,16,47,38,3,43,24,-4,43,-10,8,42,-24,18,49,-22,23,54,-21,23,56,-18
swiperight(14), -23,72,-1,-19,79,-1,-11,82,3,0,80,7,12,70,11,11,71,18,-1,65,14,-14,22,-10,-12,4,-35,6,19,-43,17,38,-46,16,46,-44,13,50,-39,8,52,-33
swiperight(13), -26,62,-11,-26,78,-6,-18,90,6,-12,90,23,-12,82,33,-10,68,33,-16,49,21,-20,35,-11,-3,37,-33,12,44,-32,17,48,-29,17,54,-25,16,63,-23
swiperight(15), 10,65,-14,3,57,-13,-7,51,-11,-17,60,-10,-23,76,-9,-20,92,-1,-5,83,22,-2,68,28,-4,52,29,-12,33,0,-10,27,-30,3,40,-32,10,49,-34,11,53,-34,9,58,-33
swiperight(17), -1,60,-27,-6,57,-24,-12,53,-19,-20,53,-13,-28,61,-7,-31,77,-2,-25,89,6,-15,90,19,-6,77,34,1,61,41,-8,42,29,-14,25,-3,-1,29,-27,12,44,-32,17,49,-30,16,54,-26,14,60,-22
swiperight(14), 4,64,-11,-9,60,-4,-19,65,-5,-22,80,-6,-12,94,3,0,91,20,3,82,35,-1,70,40,-17,35,10,-19,16,-27,1,28,-36,12,37,-37,16,49,-33,15,60,-30
swiperight(14), -20,59,-15,-25,79,-16,-16,93,-10,-4,87,4,2,75,18,-1,70,23,-12,58,13,-21,27,-15,-15,14,-42,0,28,-48,9,42,-48,11,52,-42,10,57,-34,5,63,-24
swiperight(14), -6,60,-19,-12,57,-17,-16,66,-14,-10,84,-7,1,90,6,7,81,24,1,77,36,-8,69,31,-18,37,-3,-14,26,-32,7,41,-32,19,51,-28,22,57,-23,20,60,-20
swiperight(11), 1,86,-9,6,84,7,-1,84,22,-13,81,24,-30,38,4,-32,5,-23,-14,20,-39,2,43,-40,4,53,-34,3,63,-29,2,66,-26
swiperight(12), -6,64,-21,-2,77,-20,3,87,-12,5,81,6,-3,74,27,-11,75,34,-21,40,11,-21,19,-14,-1,37,-21,10,48,-21,12,55,-19,11,64,-14
swiperight(12), -22,65,-6,-21,73,-4,-17,80,5,-13,81,22,-14,81,42,-32,51,28,-30,24,-3,-7,32,-21,7,44,-27,12,50,-32,12,56,-34,10,60,-31
swiperight(14), -1,59,-17,-3,65,-19,0,73,-16,2,87,-4,1,94,14,-6,92,37,-20,80,39,-36,37,11,-31,2,-23,-9,10,-40,5,24,-42,11,35,-43,11,42,-42,7,46,-39
swiperight(11), -11,76,-25,-6,87,-13,-8,87,18,-17,68,15,-26,20,-8,-20,2,-32,-3,22,-41,7,35,-41,11,47,-41,12,55,-37,10,63,-30
swiperight(15), -2,62,-23,2,72,-21,7,86,-12,7,90,11,-3,91,32,-23,74,30,-34,16,0,-22,-10,-29,-5,10,-39,3,23,-41,4,42,-41,4,58,-37,3,66,-31,3,64,-26,2,61,-22
swiperight(16), -1,62,-20,-5,53,-17,-7,62,-16,-5,90,-12,-1,102,0,-3,92,18,-9,82,30,-21,60,19,-26,11,-11,-17,-7,-33,-3,17,-41,5,41,-42,8,56,-38,8,60,-31,5,61,-23,0,64,-18
swiperight(18), -9,66,-15,-8,59,-13,-9,56,-11,-7,70,-13,3,88,-17,12,93,-5,12,89,20,6,85,33,-12,60,20,-22,7,-10,-8,-17,-37,7,-2,-51,13,15,-53,15,28,-49,9,45,-44,6,51,-43,4,58,-39,3,61,-33
swiperight(13), -3,53,-26,-2,65,-23,6,87,-16,13,97,-4,14,88,11,9,77,22,-13,44,7,-22,0,-23,-6,-5,-42,8,11,-49,13,24,-52,14,36,-52,12,46,-50
swiperight(12), 2,49,-36,4,60,-33,11,79,-28,18,87,-11,16,86,11,8,78,19,-8,51,9,0,0,-39,16,14,-48,23,25,-51,26,34,-50,26,42,-46
swiperight(18), 23,45,-42,20,49,-39,15,52,-35,11,53,-31,7,59,-26,6,74,-20,12,93,-10,17,95,10,16,81,29,6,69,30,-13,51,9,-24,13,-25,-15,-2,-50,-1,16,-55,6,31,-56,8,40,-54,9,43,-47,8,48,-42
swiperight(15), 4,56,-34,4,62,-31,5,70,-28,8,79,-19,10,88,-3,8,88,21,-22,55,17,-30,9,-13,-19,-7,-38,-5,8,-48,3,29,-47,8,47,-41,10,55,-36,10,60,-31,9,63,-29
swiperight(16), 5,63,-29,2,59,-24,2,60,-19,7,76,-11,11,90,2,11,87,20,7,81,41,-5,70,39,-22,23,10,-23,-11,-21,-7,2,-42,6,19,-48,12,36,-47,12,47,-42,10,51,-37,6,55,-33
swiperight(15), 1,63,-27,-1,58,-24,-4,57,-19,-6,69,-15,-2,97,9,-4,87,30,-11,79,35,-31,53,17,-38,4,-14,-23,-13,-40,-6,6,-50,7,28,-54,14,39,-53,16,41,-48,16,46,-44
swiperight(16), 13,51,-40,9,47,-33,5,43,-26,-3,58,-20,-6,83,-15,0,93,-3,2,90,18,-5,88,36,-14,71,36,-24,35,4,-18,27,-25,3,45,-27,15,54,-21,18,55,-16,17,57,-13,12,61,-9
swiperight(12), -5,71,-5,-4,83,2,-2,87,21,-4,88,41,-8,85,45,-22,58,24,-23,23,-7,-3,19,-28,11,28,-36,19,34,-41,20,41,-42,18,47,-40
swiperight(18), 15,53,-36,13,56,-30,10,55,-25,5,55,-20,1,62,-15,0,79,-8,3,97,4,7,97,20,6,81,38,-6,73,45,-24,60,28,-33,16,-9,-24,-8,-39,-6,6,-52,7,20,-56,14,30,-55,17,35,-52,15,40,-49
swiperight(16), 12,44,-46,3,47,-33,-2,54,-24,-5,67,-16,-5,85,-5,-4,97,10,-5,94,26,-7,84,32,-17,56,20,-22,14,-10,-11,3,-38,4,16,-46,14,30,-47,19,43,-47,19,49,-46,18,51,-43
swiperight(17), 15,53,-38,12,51,-33,8,45,-27,3,48,-23,-1,66,-19,2,87,-10,8,98,5,10,94,20,4,87,31,-8,70,29,-22,23,-4,-19,-3,-36,-3,8,-48,9,20,-51,14,31,-52,14,44,-47,13,47,-44
swiperight(16), 8,47,-38,5,47,-30,4,63,-22,4,86,-14,5,94,-3,8,85,9,7,78,25,-1,66,24,-16,20,-3,-17,-9,-29,-3,3,-42,8,20,-50,14,35,-53,15,44,-50,12,50,-45,7,52,-42
swiperight(15), -1,49,-33,-4,53,-26,-5,61,-15,-2,75,1,0,91,18,1,89,29,3,79,38,-1,77,42,-18,53,24,-25,10,-11,5,5,-55,17,20,-59,22,28,-56,23,32,-49,21,38,-45
swiperight(13), -7,83,-6,1,94,2,8,94,15,7,87,26,-1,72,34,-22,28,10,-26,-5,-29,-8,-1,-44,5,14,-53,11,28,-56,14,38,-55,14,44,-50,12,46,-46
swiperight(15), 8,48,-40,3,45,-33,-4,49,-21,-8,72,-12,-5,91,-3,6,82,21,7,74,28,5,65,28,-8,41,8,-12,21,-23,3,25,-38,13,38,-41,19,46,-38,20,54,-34,19,60,-30
swiperight(13), 2,62,-19,1,68,-18,5,77,-14,14,84,-1,13,83,26,0,76,44,-8,60,39,-19,37,10,-18,25,-25,2,35,-36,13,46,-35,15,50,-33,15,56,-30
swiperight(15), 8,58,-23,2,60,-15,0,64,-12,5,77,-9,16,88,-2,19,86,15,12,77,35,4,70,39,-13,55,17,-22,33,-19,-7,21,-43,9,30,-48,15,41,-41,18,49,-33,18,56,-27
swiperight(15), 11,62,-18,7,57,-13,1,53,-8,-6,63,-8,-10,82,-6,-1,89,10,4,88,29,-6,87,33,-21,70,23,-28,41,-6,-14,33,-31,4,47,-33,12,54,-30,13,57,-26,6,63,-19
swiperight(14), 0,69,-16,3,74,-26,1,74,-24,3,70,-5,5,70,11,-4,72,11,-11,65,5,-19,39,-20,-19,23,-45,-5,37,-46,4,47,-39,8,53,-33,8,59,-27,7,63,-22
swiperight(14), 8,60,-22,6,70,-22,7,82,-9,9,79,-2,13,76,14,0,82,30,-33,69,15,-45,21,-21,-28,-8,-44,-8,4,-52,4,19,-54,10,29,-53,13,37,-50,14,45,-46
swiperight(14), 3,52,-34,1,63,-29,3,76,-20,8,81,-4,11,75,12,4,74,20,-7,71,16,-17,42,-11,-14,21,-38,0,33,-42,11,45,-39,17,52,-35,17,58,-31,15,60,-28
swiperight(14), 1,61,-13,0,68,-11,2,79,-13,6,83,-12,11,75,0,3,78,17,-14,80,19,-30,26,-3,-28,-12,-30,-13,6,-46,-1,20,-52,5,30,-54,9,38,-53,10,44,-50
swiperight(13), 7,48,-38,8,60,-37,12,75,-31,17,81,-13,9,86,7,-5,75,8,-18,34,-14,-17,13,-38,-2,24,-44,14,42,-39,15,51,-36,12,60,-32,8,63,-28
swiperight(14), 6,63,-23,5,54,-20,2,55,-15,2,75,-15,10,93,-11,17,88,1,15,74,14,8,64,17,-8,50,3,-16,35,-24,-7,33,-43,1,46,-47,5,51,-47,6,54,-44
swiperight(12), -1,63,-26,5,70,-26,14,74,-22,26,74,-10,24,78,3,-5,44,-4,-14,26,-31,-1,34,-39,9,46,-41,14,50,-40,14,54,-37,13,57,-34
swiperight(15), 3,58,-22,-2,50,-18,-8,54,-11,-8,75,-6,-4,91,0,3,91,11,7,86,14,5,81,18,-8,46,1,-11,22,-26,4,34,-32,18,43,-34,25,46,-34,23,50,-35,20,54,-31
swiperight(11), 6,68,-26,17,68,-18,20,71,-3,16,74,9,-2,64,8,-16,33,-16,-10,20,-41,-2,33,-50,5,41,-49,8,47,-45,7,51,-41
swiperight(13), 3,49,-33,-2,47,-30,-6,57,-30,-1,76,-27,9,86,-14,14,79,4,8,75,17,1,70,24,-10,54,4,-13,42,-25,0,48,-30,10,55,-28,16,57,-23
swiperight(14), 10,61,-17,4,60,-13,1,65,-14,3,71,-14,11,77,-4,18,73,10,14,73,19,11,71,21,-1,54,6,-7,44,-16,7,52,-25,14,59,-25,17,58,-22,18,60,-18
swiperight(13), 0,59,-11,-4,64,-15,-4,71,-20,1,72,-13,13,69,2,16,71,12,7,73,10,-1,61,1,-6,41,-17,-1,41,-33,8,52,-33,14,53,-31,18,56,-28
swiperight(11), -10,72,0,-6,76,5,-2,79,14,-4,80,25,-6,80,31,-16,63,20,-17,43,-4,11,57,-13,16,58,-13,17,60,-14,16,62,-14
swiperight(11), -8,74,-28,2,73,-22,9,76,-4,1,84,19,-13,75,22,-22,34,-7,-17,15,-34,1,29,-40,11,35,-41,16,40,-42,18,46,-41
swiperight(14), 12,51,-31,5,51,-27,-1,59,-22,-1,80,-17,6,82,-9,14,74,3,14,74,18,0,73,21,-14,47,-9,-8,35,-29,6,46,-25,14,51,-22,17,58,-18,17,66,-14
swiperight(16), 10,66,-9,3,61,-7,-5,56,-5,-15,61,-4,-21,72,-5,-11,84,0,1,88,19,3,84,39,-3,76,42,-9,61,39,-15,38,10,-10,34,-25,6,48,-31,15,52,-32,17,55,-28,16,61,-23
swiperight(10), 12,79,4,17,74,16,10,73,23,0,58,13,-7,31,-13,-5,30,-32,5,46,-35,13,54,-31,16,59,-26,16,60,-21
swiperight(10), -3,83,-4,5,84,5,12,76,17,11,69,24,4,63,24,-3,44,3,-2,38,-20,8,49,-23,15,55,-22,18,60,-18
swiperight(11), 2,69,1,10,84,3,22,84,15,26,77,30,19,68,36,0,47,14,-10,38,-16,-1,46,-28,6,54,-30,10,59,-26,13,65,-20
swiperight(15), 8,65,-13,2,60,-13,-6,54,-13,-12,64,-14,-10,81,-13,2,84,-4,12,77,13,7,73,22,-2,69,23,-10,45,-3,-9,29,-29,3,41,-31,9,51,-30,11,57,-26,4,62,-18
swiperight(12), -17,68,9,-17,76,23,-17,78,40,-15,74,51,-15,68,52,-13,58,47,-23,39,21,-26,31,-17,-8,43,-36,2,53,-36,6,58,-34,8,60,-31
swiperight(15), 3,56,-21,-2,57,-17,-6,62,-13,-5,64,-12,7,83,-7,14,85,3,16,82,18,8,82,29,-15,62,14,-27,17,-19,-12,0,-43,5,13,-52,14,24,-52,17,32,-50,17,40,-47
swiperight(12), 2,84,-19,8,88,-2,6,92,18,-8,88,21,-26,39,-4,-26,4,-29,-8,13,-40,6,24,-42,15,37,-42,18,47,-41,17,52,-37,15,56,-34
swiperight(10), -13,89,-4,-5,90,7,1,84,19,4,70,24,-4,56,12,-11,38,-15,-2,32,-31,8,43,-32,13,49,-30,14,58,-28
swiperight(13), 4,62,-21,8,69,-20,16,80,-9,18,82,11,11,76,25,10,62,28,1,43,7,-4,31,-19,10,36,-27,17,51,-28,20,62,-22,15,64,-19,9,62,-17
swiperight(12), 2,71,-11,9,76,-8,17,75,3,17,78,16,14,73,23,0,52,9,-8,33,-16,9,34,-28,22,46,-28,27,51,-27,27,54,-24,25,58,-21
swiperight(15), 11,62,-15,5,60,-12,0,63,-10,-3,68,-9,11,79,-3,17,77,7,11,76,26,9,72,38,-7,51,16,-17,32,-15,-1,38,-26,11,50,-28,17,58,-27,19,62,-25,19,60,-22
swiperight(15), 7,56,-15,0,58,-13,-9,63,-13,-11,76,-15,1,87,-11,12,86,3,13,79,24,4,74,35,-11,64,23,-18,40,-11,-8,32,-34,8,45,-33,16,50,-31,19,55,-27,19,60,-22
swiperight(11), 6,82,-2,13,81,5,14,77,18,7,77,26,2,66,23,-3,41,-2,0,35,-27,13,48,-28,22,55,-26,23,59,-22,20,59,-18
swiperight(10), -31,76,-3,-23,74,1,-21,71,6,-18,56,8,-26,33,-3,-36,32,-23,-26,48,-31,-20,56,-28,-17,59,-25,-17,60,-22
swiperight(14), -16,53,-11,-20,60,-8,-26,73,-5,-22,83,-1,-11,87,6,-1,75,31,0,69,46,-16,61,34,-29,46,-3,-15,42,-26,2,52,-30,13,56,-27,16,63,-21,15,66,-17
swiperight(13), -12,59,-4,-21,73,-6,-22,90,-9,-9,87,-4,8,76,12,8,74,30,1,62,30,-11,36,-1,-14,21,-31,1,26,-39,11,36,-40,17,48,-38,20,57,-35
swiperight(12), 10,71,-16,17,87,-14,25,93,-3,29,81,16,21,67,30,9,59,33,-4,42,8,-3,30,-22,16,36,-28,27,46,-28,29,50,-26,26,58,-23
swiperight(13), 1,73,-14,7,84,-16,16,91,-8,22,81,5,18,71,16,13,60,23,-1,34,0,-8,17,-29,9,24,-34,21,38,-35,26,46,-36,25,53,-37,20,59,-29
swiperight(14), 9,60,-21,9,71,-22,14,81,-22,20,81,-14,28,76,3,25,75,16,21,62,23,6,40,12,-2,27,-12,15,32,-21,26,47,-23,29,52,-24,27,57,-23,25,63,-22
swiperight(11), -3,85,-6,4,94,-2,13,86,6,23,68,14,21,60,20,14,50,21,3,30,-6,12,38,-38,21,47,-40,23,50,-40,21,55,-37
swiperight(11), 20,88,-13,26,84,1,22,76,11,16,58,22,-2,29,5,-9,19,-27,10,32,-36,20,45,-34,23,53,-29,22,58,-25,19,63,-24
swiperight(15), 14,67,-22,9,63,-18,3,54,-11,-3,62,-5,-5,89,-3,-1,104,2,7,94,10,14,70,21,3,43,23,-3,27,-3,8,28,-25,21,45,-31,23,52,-30,21,58,-26,16,63,-21
swiperight(12), -7,84,-5,-3,95,-2,5,86,5,12,70,11,13,56,13,2,35,4,-5,21,-16,3,27,-31,13,41,-35,18,51,-34,17,58,-30,13,62,-25
swiperight(14), 1,64,-12,-4,63,-8,-10,68,-7,-9,80,-6,-5,92,-1,12,76,17,12,68,25,9,59,27,1,35,3,1,28,-19,17,36,-19,27,46,-18,29,56,-15,24,61,-13
swiperight(12), 1,77,-4,4,84,-4,6,86,0,12,77,14,9,75,27,6,65,31,-2,39,7,-5,28,-23,9,34,-30,17,44,-30,20,50,-27,17,57,-24
swiperight(11), 4,88,-4,10,77,5,11,74,23,8,64,35,-10,38,9,-18,27,-26,1,37,-33,11,52,-28,15,58,-23,14,61,-19,10,64,-15
