swipeleft(13), 17,57,-28,14,57,-36,4,57,-51,-15,58,-67,-33,61,-69,-43,63,-49,-36,63,-26,-19,61,-3,1,54,17,16,47,29,22,47,42,24,50,50,25,51,47
swipeleft(12), 1,82,-37,-19,88,-45,-28,80,-34,-25,76,-9,-13,74,19,6,63,31,21,53,30,29,50,29,33,49,27,34,50,20,29,55,9,22,63,-3
swipeleft(12), 16,63,-8,14,66,-14,8,74,-26,-4,82,-42,-18,83,-45,-23,75,-24,-17,69,3,-4,64,23,12,56,30,25,52,27,32,54,23,29,59,11
swipeleft(11), 13,65,-15,6,74,-30,-5,88,-46,-13,86,-44,-16,74,-21,-12,68,7,1,60,26,18,50,27,31,49,21,33,53,17,32,55,14
swipeleft(10), 12,63,-11,8,67,-17,1,75,-27,-25,90,-34,-26,70,-15,-16,61,9,-6,62,28,8,58,31,20,56,25,25,59,20
swipeleft(12), 15,63,-1,11,71,-11,3,83,-24,-9,93,-31,-18,81,-28,-20,59,-12,-17,54,13,-7,56,36,8,57,43,19,58,40,22,62,33,21,63,23
swipeleft(11), 10,70,-14,1,79,-27,-14,89,-39,-25,81,-37,-27,68,-15,-20,67,21,-6,63,43,9,57,38,20,56,28,23,58,20,22,59,11
swipeleft(14), 4,68,-15,10,65,-6,11,65,-6,9,66,-9,3,73,-21,-5,80,-34,-12,81,-39,-16,72,-33,-19,67,-11,-14,70,17,1,65,30,13,59,26,19,58,19,20,58,14
swipeleft(18), 0,70,-22,7,66,-12,12,66,-9,13,65,-8,12,68,-14,4,73,-31,-13,79,-47,-26,73,-42,-31,67,-21,-28,67,6,-13,63,31,4,57,41,16,55,38,21,57,31,19,60,10,14,62,-2,9,65,-12,5,69,-17
swipeleft(11), 6,70,-19,-6,78,-35,-16,77,-42,-18,69,-31,-18,64,-9,-15,67,15,-5,68,30,8,64,32,17,63,25,19,62,17,18,62,9
swipeleft(12), 13,63,1,9,67,-6,-4,78,-26,-25,89,-42,-42,85,-32,-44,75,-2,-34,68,29,-17,62,45,13,58,33,18,61,27,18,61,20,15,59,11
swipeleft(14), 8,70,-10,-2,83,-27,-20,91,-41,-34,78,-29,-39,65,2,-34,65,34,-17,62,54,2,59,53,12,56,43,16,55,27,13,57,10,8,62,-3,4,69,-11,0,71,-11
swipeleft(11), 14,63,-2,13,66,-9,-16,90,-40,-30,85,-36,-34,74,-18,-30,67,15,-15,58,43,3,50,46,17,49,39,23,53,33,23,57,25
swipeleft(14), -2,72,-14,5,66,-5,7,66,-4,5,68,-8,-2,74,-19,-11,83,-33,-15,87,-39,-21,73,-28,-27,64,3,-21,65,30,-3,61,34,9,59,25,14,61,17,16,62,10
swipeleft(14), -3,71,-20,2,68,-15,8,65,-8,8,65,-9,0,72,-23,-13,84,-39,-24,85,-41,-25,75,-23,-19,69,5,-7,64,26,8,57,31,20,53,25,23,55,19,20,58,12
swipeleft(14), -8,70,-25,2,65,-15,5,65,-12,3,67,-17,-8,73,-32,-24,78,-47,-34,74,-46,-35,70,-25,-30,71,6,-16,66,26,1,61,27,12,60,19,16,61,10,16,61,1
swipeleft(13), -5,71,-20,-2,67,-15,6,65,-9,2,68,-16,-9,75,-32,-23,81,-46,-32,79,-40,-31,68,-21,-22,61,4,-11,61,23,3,61,23,12,62,17,16,64,13
swipeleft(15), -7,70,-19,-1,68,-18,5,65,-12,3,68,-18,-8,77,-35,-23,86,-50,-35,75,-41,-39,64,-9,-33,68,25,-17,67,41,0,62,36,11,61,23,16,62,9,14,63,-3,9,65,-13
swipeleft(11), 13,63,-7,7,73,-25,-14,89,-49,-32,82,-48,-34,70,-23,-28,67,9,-14,63,28,16,57,26,23,58,18,23,62,6,17,64,-4
swipeleft(18), 18,69,7,13,64,3,6,58,-4,-6,61,-21,-33,80,-44,-59,90,-44,-60,79,-18,-55,73,15,-45,69,44,-20,56,52,1,48,49,16,51,41,24,57,30,22,64,19,12,71,8,4,77,-2,-5,74,-7,-7,69,-9

swiperight(17), 17,58,-24,15,60,-30,11,60,-40,17,56,-32,34,56,-4,44,63,35,32,69,63,2,67,54,-32,64,22,-45,64,-16,-32,61,-39,-16,57,-37,-3,55,-26,11,59,-17,22,63,-9,28,65,-8,26,63,-12
swiperight(19), 21,61,-6,19,64,-13,16,72,-26,14,71,-31,20,58,-20,28,45,8,28,48,52,14,60,87,-10,66,72,-38,68,31,-55,63,-8,-48,54,-42,-32,54,-52,-15,53,-43,-1,53,-30,12,56,-19,23,60,-12,29,61,-14,30,61,-19
swiperight(19), 23,61,-13,21,66,-24,20,70,-36,23,61,-33,30,44,-13,35,45,26,31,60,68,-9,63,52,-34,60,18,-48,59,-15,-40,60,-40,-26,60,-44,-13,58,-38,-2,56,-28,12,57,-18,27,63,-11,34,66,-11,31,64,-16,27,61,-15
swiperight(19), 23,60,-6,22,62,-12,21,66,-24,24,66,-29,30,61,-14,34,59,12,38,57,38,30,59,63,3,60,67,-28,62,41,-52,58,1,-54,55,-34,-37,59,-45,-18,58,-37,1,59,-25,18,58,-16,30,60,-10,33,62,-11,31,62,-14
swiperight(20), 22,62,-7,22,68,-16,22,73,-26,23,67,-28,24,52,-17,27,44,6,33,47,32,32,56,60,14,63,76,-8,60,55,-29,58,19,-44,54,-14,-42,52,-40,-31,54,-47,-19,55,-41,-5,56,-29,9,59,-19,21,63,-11,29,64,-6,31,63,-2
swiperight(18), 18,63,-8,16,71,-19,14,80,-33,17,72,-35,23,43,3,21,48,35,17,55,63,5,55,69,-9,52,46,-26,62,13,-37,69,-14,-32,68,-31,-20,68,-33,-6,65,-26,8,64,-16,21,62,-8,29,66,-3,28,65,-5
swiperight(20), 20,64,-11,18,73,-23,17,80,-36,20,69,-37,20,51,-22,16,47,0,13,50,22,15,50,42,14,53,65,1,62,74,-16,69,53,-32,70,19,-42,65,-10,-37,62,-29,-25,61,-36,-10,60,-32,24,61,-14,33,64,-9,33,64,-15,29,61,-20
swiperight(20), 23,61,-17,20,67,-30,19,66,-43,22,57,-36,23,55,-6,19,62,32,13,63,59,7,57,66,-5,57,47,-28,61,17,-46,63,-15,-43,63,-40,-29,61,-43,-14,58,-36,3,53,-27,19,56,-17,31,62,-7,34,63,-8,30,62,-15,28,61,-13
swiperight(20), 23,61,-7,21,66,-15,17,74,-30,16,73,-37,21,56,-26,21,45,1,15,52,38,8,56,71,-3,54,76,-13,58,50,-28,68,16,-44,71,-16,-40,68,-34,-23,65,-32,-4,61,-24,13,58,-15,27,59,-7,34,62,-3,31,63,-10,26,63,-16
swiperight(18), 22,61,-8,20,66,-18,17,74,-33,19,65,-35,20,47,-15,15,45,19,9,57,56,4,66,73,-6,69,57,-28,65,26,-53,56,-35,-36,54,-41,-18,51,-35,1,51,-23,21,58,-8,32,65,-3,30,65,-8,25,63,-15
swiperight(18), 21,62,-13,17,67,-24,10,72,-36,11,63,-34,18,51,-9,15,58,29,7,68,64,-2,65,73,-16,62,53,-36,60,20,-51,58,-16,-45,57,-42,-25,55,-43,0,54,-26,23,58,-6,33,64,1,31,65,-4,28,64,-8
swiperight(19), 22,60,-1,20,65,-9,15,72,-24,17,68,-28,20,59,-10,14,58,23,9,61,58,4,61,75,-7,61,57,-24,64,25,-42,64,-4,-44,62,-27,-28,60,-30,-7,60,-21,13,61,-7,28,62,4,34,61,6,32,60,3,28,60,-3
swiperight(18), 22,64,-4,18,70,-17,15,69,-27,17,58,-21,16,53,12,9,55,54,5,53,76,-1,49,69,-12,53,53,-47,69,-12,-40,71,-29,-19,64,-24,3,58,-13,19,53,-1,31,55,9,35,60,13,31,64,4,25,66,-4
swiperight(20), 22,61,1,20,65,-6,16,75,-18,13,81,-27,12,70,-21,13,55,1,14,47,28,15,47,59,10,51,81,-1,59,69,-13,69,35,-26,75,3,-32,73,-25,-20,65,-36,-5,59,-32,6,56,-21,19,56,-6,30,61,4,33,63,6,29,63,4
swiperight(20), 21,61,3,19,66,-4,15,79,-19,10,83,-27,10,65,-17,13,49,9,13,47,42,15,45,67,12,43,80,-2,51,72,-16,62,45,-34,72,15,-45,71,-14,-33,66,-29,-14,61,-28,4,56,-21,20,57,-11,30,61,-4,33,62,1,30,62,-1
swiperight(19), 21,63,-3,17,73,-15,11,84,-30,6,74,-30,6,54,-12,6,46,16,6,51,75,8,51,89,2,58,72,-16,62,41,-35,59,7,-40,56,-24,-33,55,-37,-17,55,-33,5,58,-15,25,63,1,33,66,8,30,67,7,24,65,4
swiperight(19), 19,62,6,17,68,0,13,78,-15,14,75,-21,17,61,-6,14,55,27,10,55,63,8,56,80,-1,58,70,-22,67,36,-47,61,-8,-51,51,-37,-32,54,-40,-10,53,-28,9,56,-14,23,61,-2,30,66,7,26,65,3,23,65,2
swiperight(19), 17,65,2,13,73,-8,11,80,-17,15,69,-14,18,54,5,12,53,33,8,55,60,3,53,75,-9,55,66,-25,62,40,-42,67,11,-44,69,-18,-28,68,-25,-8,65,-16,12,62,-2,26,60,9,31,61,12,29,64,6,25,65,3
swiperight(19), 19,61,7,12,70,-7,6,72,-18,8,66,-18,10,57,6,8,54,42,10,51,68,8,47,82,-5,46,82,-29,57,60,-55,65,21,-61,63,-16,-41,62,-29,-14,59,-22,8,57,-9,21,57,2,28,61,11,29,65,10,26,66,5
swiperight(18), 16,69,0,8,81,-14,4,79,-20,5,65,-10,1,55,21,-5,54,63,-10,52,88,-14,44,88,-21,50,62,-38,63,21,-50,66,-13,-14,63,-23,3,62,-12,17,63,0,25,64,7,27,64,11,23,65,6,19,66,2

swipeleft(12), -2,-46,-52,-7,-64,-36,-25,-97,-7,-88,-110,11,-128,-68,-2,-116,-9,-40,-75,28,-68,-44,34,-74,-31,14,-72,-29,3,-69,-33,-1,-60,-34,-4,-52
swipeleft(13), 13,-16,-54,9,-36,-45,-8,-72,-25,-52,-101,-9,-107,-83,-8,-115,-18,-23,-77,34,-49,-44,38,-65,-26,19,-67,-22,3,-65,-23,-3,-61,-20,-3,-59,-15,0,-61
swipeleft(20), -2,47,-46,0,58,-53,4,55,-64,7,29,-68,6,2,-63,2,-18,-51,-5,-35,-34,-21,-60,-7,-55,-90,25,-109,-87,18,-123,-47,-26,-83,-13,-61,-46,0,-75,-22,-17,-69,-22,-18,-60,-22,-3,-54,-23,14,-51,-22,27,-53,-21,41,-57,-20,55,-62
swipeleft(18), -18,61,-66,-9,56,-66,5,44,-69,16,32,-67,21,21,-57,20,6,-51,13,-21,-41,-6,-55,-28,-32,-93,-10,-93,-100,-5,-128,-23,-14,-95,57,-27,-49,68,-44,-27,51,-59,-18,29,-67,-14,18,-66,-15,15,-58,-18,16,-48
swipeleft(27), -70,9,-54,-73,6,-48,-68,8,-42,-58,20,-35,-57,25,-37,-59,12,-54,-34,-17,-56,-20,-18,-43,-11,-20,-35,-4,-28,-33,1,-39,-35,-1,-54,-36,-12,-80,-31,-29,-96,-27,-66,-83,-30,-97,-22,-37,-74,45,-46,-33,63,-53,-13,51,-60,-6,35,-64,-3,28,-62,-7,29,-56,-15,22,-54,-25,6,-58,-33,-7,-62,-40,-20,-63,-41,-34,-65
swipeleft(14), 2,-29,-62,2,-36,-63,-2,-47,-61,-10,-61,-50,-22,-73,-35,-45,-82,-18,-87,-58,-16,-92,7,-31,-54,51,-47,-29,53,-60,-13,28,-68,-15,20,-71,-19,6,-73,-19,-9,-72
swipeleft(13), 5,-52,-37,5,-59,-35,-2,-75,-27,-18,-90,-17,-49,-97,-13,-99,-64,-25,-104,4,-40,-63,45,-49,-35,53,-59,-21,46,-66,-14,34,-71,-11,29,-73,-11,28,-71
swipeleft(11), -21,-74,-31,-36,-89,-22,-57,-98,-9,-128,-19,-20,-86,36,-48,-49,47,-66,-29,40,-73,-20,24,-77,-14,15,-75,-11,15,-72,-10,16,-69
swipeleft(17), -9,-63,-34,-12,-67,-31,-21,-74,-28,-34,-81,-23,-60,-89,-12,-91,-53,-13,-84,17,-30,-48,55,-47,-25,59,-60,-16,39,-69,-11,19,-73,-8,12,-72,-7,4,-67,-5,-11,-61,-3,-22,-56,0,-31,-52,2,-41,-45
swipeleft(11), -21,-68,-26,-26,-72,-23,-39,-82,-14,-77,-51,-18,-82,16,-33,-43,44,-51,-22,37,-68,-14,23,-72,-10,8,-72,-7,-2,-69,-7,-10,-63
swipeleft(11), -11,-49,-42,-13,-61,-33,-22,-89,-12,-55,-101,0,-93,-66,-16,-85,-15,-44,-47,14,-62,-24,19,-71,-14,9,-73,-12,-6,-71,-12,-18,-66
swipeleft(11), -23,-60,-36,-26,-80,-15,-44,-93,3,-87,-92,8,-110,-50,-21,-77,-4,-59,-39,9,-77,-20,6,-77,-14,-3,-72,-15,-13,-68,-16,-23,-64
swipeleft(15), -22,-55,-36,-20,-64,-30,-25,-82,-18,-49,-99,-5,-87,-93,-3,-110,-47,-19,-90,18,-46,-51,48,-69,-28,39,-77,-21,22,-75,-22,1,-70,-22,-16,-64,-21,-26,-57,-22,-33,-51,-26,-41,-46
swipeleft(14), -33,-47,-40,-38,-51,-36,-39,-55,-33,-34,-58,-30,-30,-67,-21,-62,-99,9,-104,-80,2,-106,-29,-28,-64,9,-58,-33,15,-75,-17,10,-78,-12,2,-75,-14,-9,-70,-20,-19,-63
swipeleft(13), -24,-58,-28,-28,-69,-21,-35,-81,-12,-51,-90,-4,-83,-82,-3,-95,-31,-20,-66,20,-50,-35,27,-70,-18,15,-77,-13,-1,-77,-12,-11,-74,-14,-19,-68,-17,-28,-62
swipeleft(12), -13,-54,-29,-11,-61,-14,-19,-78,6,-44,-99,26,-99,-92,21,-128,-50,-10,-102,-6,-50,-63,22,-78,-42,25,-84,-40,11,-84,-45,-3,-82,-48,-11,-76
swipeleft(13), -19,-48,-29,-18,-55,-21,-21,-67,-12,-28,-82,-4,-40,-92,3,-79,-81,4,-103,-24,-16,-49,26,-71,-32,16,-79,-25,0,-80,-22,-13,-77,-20,-17,-72,-20,-17,-66
swipeleft(13), -9,-48,-42,-12,-57,-37,-20,-71,-26,-38,-86,-12,-65,-99,3,-108,-79,12,-118,-18,-7,-82,19,-46,-49,24,-73,-30,20,-81,-21,9,-82,-13,-1,-73,-12,-1,-69
swipeleft(12), 5,-44,-49,3,-54,-46,-2,-69,-39,-15,-84,-33,-41,-92,-23,-83,-63,-26,-86,-5,-37,-49,25,-53,-27,28,-67,-16,20,-72,-10,10,-74,-6,0,-70
swipeleft(13), -5,-58,-42,-6,-63,-38,-15,-74,-29,-32,-84,-20,-51,-82,-13,-76,-65,-11,-87,-21,-20,-71,26,-40,-48,46,-58,-32,46,-67,-24,35,-71,-21,24,-72,-19,16,-70

swiperight(16), -62,12,-17,-64,21,-33,-67,38,-59,-66,51,-69,-60,57,-57,-47,52,-33,-22,42,-1,0,38,33,4,44,57,-11,58,59,-31,72,25,-39,63,-31,-36,45,-73,-26,38,-82,-16,32,-74,-9,26,-64
swiperight(16), 10,64,5,15,69,7,22,74,12,25,75,26,22,69,41,11,61,52,-3,55,60,-25,54,60,-50,53,26,-57,45,-36,-45,37,-74,-23,39,-74,-6,45,-63,1,46,-55,4,44,-53,4,42,-52
swiperight(14), 30,60,9,36,62,10,44,62,18,44,61,36,31,62,54,6,61,65,-25,60,56,-32,41,-43,-11,44,-65,6,49,-56,15,54,-42,19,54,-34,20,53,-31,19,53,-32
swiperight(14), 37,56,4,43,57,11,47,58,25,42,59,46,24,57,67,-2,56,70,-33,53,40,-51,50,-18,-42,42,-69,-21,41,-76,-4,48,-61,3,48,-53,5,46,-50,3,45,-52
swiperight(15), 47,46,7,59,49,7,73,48,8,72,41,22,46,37,52,2,40,75,-41,47,65,-63,46,17,-62,42,-44,-47,42,-75,-28,46,-71,-15,52,-54,-10,54,-45,-7,54,-39,-2,54,-33
swiperight(23), 48,46,1,56,46,0,66,45,0,66,47,6,47,51,20,15,56,37,-12,61,50,-35,54,46,-58,47,18,-70,39,-35,-60,30,-83,-35,33,-88,-17,42,-70,-13,45,-58,-12,47,-52,-7,48,-43,3,42,-32,14,39,-19,30,41,3,53,44,17,61,45,20,56,44,18,51,43,13
swiperight(14), 59,40,5,53,35,20,38,47,47,18,66,71,-9,73,73,-44,59,43,-59,41,-17,-50,42,-63,-33,46,-73,-18,49,-61,-7,54,-49,2,57,-42,5,57,-35,3,53,-28
swiperight(17), 44,48,13,49,48,8,54,49,2,56,46,3,55,39,13,48,40,28,29,55,49,-1,65,70,-36,61,66,-58,59,25,-58,66,-28,-40,68,-57,-18,65,-50,-3,62,-33,4,62,-23,6,61,-19,10,60,-18
swiperight(11), 33,56,-10,31,60,-15,27,67,-21,24,67,-21,27,59,-15,33,48,-1,38,36,16,46,25,29,55,18,31,63,16,25,71,15,22
swiperight(13), 78,13,26,78,11,38,58,19,51,16,38,67,-24,53,69,-41,57,32,-40,59,-25,-26,63,-58,-8,66,-55,5,66,-37,11,63,-26,14,59,-21,17,57,-19
swiperight(10), 17,60,-21,-1,61,-21,20,33,-26,43,16,-29,51,21,-20,51,37,-4,54,40,13,58,36,18,61,34,9,61,33,1
swiperight(14), 60,32,1,59,33,9,58,38,21,53,41,37,27,52,56,-17,68,59,-45,76,17,-44,73,-42,-27,65,-65,-9,58,-53,5,55,-38,13,54,-29,18,54,-25,21,54,-24
swiperight(10), 19,57,-27,11,61,-34,4,67,-36,10,70,-26,24,60,-9,37,48,10,47,37,20,55,28,23,55,35,14,52,44,9
swiperight(14), 51,48,9,48,46,17,43,44,31,28,55,48,-5,79,62,-41,84,46,-59,67,-1,-54,54,-48,-33,45,-65,-9,45,-55,6,52,-41,14,53,-36,17,52,-35,20,50,-35
swiperight(12), 52,45,13,51,43,25,46,41,41,30,48,58,-7,65,52,-41,69,10,-33,42,-69,-16,42,-64,-1,47,-49,6,51,-41,9,52,-38,11,52,-38
swiperight(13), 49,47,7,45,42,14,37,41,30,28,51,56,7,68,74,-24,84,45,-40,82,-17,-31,62,-55,-12,46,-56,6,44,-46,16,46,-40,20,47,-38,23,48,-38
swiperight(14), 52,39,-5,53,38,7,51,35,23,44,35,37,14,56,51,-26,81,39,-41,76,-12,-30,56,-56,-11,45,-66,5,41,-54,15,40,-43,22,43,-37,26,46,-35,27,48,-34
swiperight(10), 24,49,-35,15,50,-48,11,54,-56,14,59,-54,21,57,-43,29,48,-28,37,38,-15,40,35,-4,40,41,2,41,49,2
swiperight(13), 42,53,-5,36,56,6,26,64,20,2,80,33,-29,86,28,-48,73,-6,-42,59,-51,-20,53,-73,0,49,-62,15,46,-43,22,45,-34,26,46,-32,28,47,-32
swiperight(10), 29,48,-35,27,50,-43,25,51,-52,24,49,-58,22,42,-59,22,34,-31,27,38,-14,38,39,-7,51,38,-3,57,40,1