Left Hand, Seated, Watch Face on Top of Wrist, clap twice quickly

clap2(11), -27,1,-9,-15,-2,-15,-8,5,-59,-26,3,12,-18,5,-30,-11,-8,-34,-10,-5,-30,-11,-2,-30,-11,-3,-30,-10,-3,-30,-10,-3,-30
clap2(13), -10,-3,-31,-9,-3,-32,-8,-2,-39,-10,-4,-34,-20,-2,-16,-24,0,-8,-13,0,-20,-16,-3,-37,-17,12,-21,-17,-2,-26,-9,-7,-31,-11,-5,-30,-11,-3,-30
clap2(12), -10,-3,-35,-11,-3,-33,-19,0,-18,-25,1,-5,-7,0,-52,-19,0,-19,0,-2,-21,-16,-5,-31,-10,-5,-28,-12,-3,-30,-11,-2,-31,-10,-4,-30
clap2(13), -10,-3,-30,-10,-3,-31,-8,-3,-39,-9,-3,-31,-15,-1,-23,-25,1,-8,-16,0,-11,-7,2,-67,-23,-2,4,-12,9,-40,-13,-6,-27,-11,-4,-30,-12,-1,-31
clap2(13), -10,-2,-31,-10,-3,-31,-8,-2,-36,-9,-4,-33,-14,-1,-28,-23,1,-13,-24,1,-4,0,3,-34,-19,-3,-12,0,-10,-60,-17,-5,-27,-7,-4,-32,-11,-4,-29
clap2(13), -10,-4,-30,-10,-3,-31,-9,-3,-38,-10,-2,-33,-16,-1,-25,-25,0,-7,-17,0,-9,-5,-2,-66,-21,0,-1,6,-10,-50,-15,-6,-27,-8,-4,-31,-13,-2,-30
clap2(13), -11,-3,-31,-10,-3,-30,-10,-3,-34,-10,-3,-32,-14,-1,-29,-22,2,-12,-19,0,-8,1,-1,-75,-20,-2,-7,4,-7,-44,-14,-6,-30,-8,-4,-29,-11,-2,-30
clap2(13), -10,-3,-31,-10,-4,-30,-9,-3,-34,-9,-5,-36,-12,-2,-31,-22,1,-13,-24,1,-3,9,-16,-73,-21,-1,-13,4,-14,-53,-15,-6,-30,-9,-4,-29,-13,-1,-30
clap2(13), -12,-2,-30,-12,-4,-31,-8,-2,-35,-7,-3,-26,-23,-2,-28,-22,0,-11,-21,3,-3,1,-3,-72,-20,-1,-6,3,-7,-46,-15,-4,-29,-9,-4,-29,-13,-1,-30
clap2(12), -11,-2,-30,-10,-2,-32,-9,-3,-35,-10,-2,-33,-15,0,-26,-25,1,-7,-16,1,-12,-15,0,-44,-18,-3,-2,-11,0,-39,-11,-7,-29,-11,-4,-28
clap2(11), -10,-1,-33,-17,-2,-20,-25,1,-6,-11,1,-29,-18,0,-28,-27,9,5,-15,-6,-37,-9,-6,-30,-12,-4,-29,-12,-1,-31,-11,-1,-30
clap2(13), -11,-3,-30,-11,-3,-31,-7,-5,-44,-11,0,-33,-22,1,-11,-24,2,0,5,-9,-84,-20,-3,-13,1,-1,-45,-13,-7,-33,-8,-4,-30,-11,-2,-30,-10,-2,-29
clap2(13), -10,-2,-30,-10,-3,-31,-8,-4,-37,-11,-2,-29,-19,0,-16,-22,2,0,8,-15,-82,-19,0,-10,4,-3,-56,-15,-5,-33,-8,-3,-30,-12,-1,-29,-11,-2,-31
clap2(13), -10,-2,-30,-11,-2,-30,-8,-1,-41,-12,-2,-25,-21,0,-13,-14,4,0,-22,1,-20,-23,6,21,-17,0,-35,-10,-7,-30,-11,-4,-30,-13,0,-29,-10,-2,-30
clap2(12), -11,-3,-30,-11,-3,-30,-10,-3,-37,-11,-3,-32,-19,1,-16,-19,4,-6,-5,3,-59,-19,0,-4,-13,7,-30,-11,-7,-36,-8,-4,-30,-12,0,-30
clap2(13), -10,-1,-33,-10,-1,-35,-15,1,-26,-23,4,-6,0,-2,-32,-21,-1,-15,-1,0,-59,-17,-1,-35,-7,-5,-32,-11,-1,-30,-11,-1,-29,-10,-3,-31,-10,-4,-31
clap2(12), -9,-2,-32,-10,-3,-35,-12,0,-31,-21,0,-15,-16,0,-11,-12,8,-57,-18,-3,-7,-14,0,-30,-11,-5,-34,-9,-2,-29,-12,-2,-30,-10,-4,-29
clap2(12), -10,-3,-33,-10,-2,-33,-14,0,-29,-22,3,-11,-15,1,0,-21,0,-26,1,-6,-3,-14,-2,-32,-8,-6,-32,-10,-3,-30,-12,-1,-30,-10,-2,-31
clap2(11), -10,-2,-31,-10,-2,-30,-9,-2,-35,-11,0,-31,-18,0,-21,-20,0,-7,5,-10,-80,-18,-2,-16,0,0,-41,-14,-1,-33,-8,-6,-30
clap2(12), -11,-2,-30,-17,-2,-22,-22,2,-6,11,-9,-79,-20,0,-12,16,-7,-35,-14,-4,-33,-8,-5,-29,-12,-2,-31,-11,-2,-30,-12,-3,-30,-11,-3,-30
clap2(11), -12,-3,-30,-11,-3,-30,-9,-2,-37,-12,-2,-34,-18,-1,-19,-23,2,-11,-12,0,-24,-18,1,-36,-21,6,1,-15,2,-36,-11,-8,-31
clap2(11), -10,-5,-31,-15,-3,-29,-22,4,-12,-14,2,-13,-14,1,-46,-19,0,-4,-14,4,-37,-11,-5,-34,-10,-4,-27,-12,-3,-33,-11,-2,-29
clap2(12), -11,-2,-30,-11,-2,-32,-10,-2,-35,-14,-1,-32,-21,1,-12,-16,3,-13,-16,4,-44,-22,0,-2,-13,6,-38,-11,-5,-34,-10,-4,-28,-13,0,-31
clap2(13), -10,-4,-28,-13,0,-31,-11,-1,-29,-12,-1,-30,-11,-1,-30,-10,0,-38,-15,-1,-27,-20,1,-12,4,-14,-61,-17,-2,-15,13,-3,-62,-15,0,-32,-8,-6,-30
clap2(12), -11,-2,-34,-11,-1,-31,-17,0,-25,-23,1,-8,1,-4,-28,-19,-2,-16,-2,-3,-29,-17,0,-33,-8,-7,-30,-12,-2,-30,-12,-1,-31,-11,0,-30
clap2(12), -11,-1,-32,-11,0,-32,-16,-1,-29,-22,-1,-13,-18,0,-8,-15,5,-42,-22,-2,-2,-15,3,-33,-12,-4,-32,-11,-4,-30,-13,-2,-29,-13,-3,-30
clap2(11), -23,-3,-13,-23,3,-6,-2,-7,-65,-22,-5,-11,-1,-9,-59,-14,-1,-30,-10,-5,-28,-14,-2,-29,-12,-2,-29,-12,-3,-30,-12,-3,-31
clap2(12), -12,-3,-30,-12,-3,-31,-13,0,-33,-16,0,-30,-24,-1,-11,-18,0,-9,-13,1,-39,-21,0,-3,-13,2,-34,-11,-7,-31,-11,-6,-27,-13,-1,-31
clap2(11), -19,-6,-19,-28,-5,-11,18,-11,-62,-20,-2,-15,-4,-3,-52,-11,-5,-33,-11,-4,-29,-13,-1,-29,-13,-1,-28,-13,-1,-29,-12,-3,-30
clap2(11), -11,-3,-31,-11,-1,-31,-15,0,-30,-20,0,-18,-18,-4,-13,-8,2,-58,-21,-5,-1,-14,4,-33,-10,-10,-33,-11,-3,-28,-13,-1,-30
clap2(12), -11,-1,-30,-11,-1,-30,-10,-2,-36,-11,0,-30,-20,-1,-17,-19,-3,-5,-15,8,-53,-20,-6,-3,-13,1,-34,-10,-6,-32,-10,-4,-29,-13,-2,-30
clap2(13), -12,-1,-29,-12,-1,-30,-11,-3,-34,-12,-2,-29,-16,0,-21,-21,-6,-3,-12,3,-58,-23,-5,-11,-1,-8,-45,-12,-3,-33,-10,-4,-29,-13,0,-30,-12,-2,-30
clap2(11), -12,-1,-31,-12,-2,-29,-11,-1,-35,-12,0,-31,-19,-2,-19,-21,0,-16,-15,5,-42,-24,-2,-9,-4,-4,-38,-10,-6,-32,-12,-3,-28
clap2(12), -11,0,-30,-19,-3,-23,-22,-2,-5,-1,-9,-69,-21,-4,-16,20,-15,-43,-14,0,-29,-10,-4,-30,-13,-1,-30,-12,-1,-28,-13,-1,-30,-13,-2,-29
clap2(13), -13,-1,-30,-13,-2,-29,-13,-2,-32,-12,-1,-32,-17,-2,-26,-22,-3,-5,-2,-12,-72,-21,-5,-16,10,-15,-54,-14,0,-29,-11,-4,-28,-14,-1,-30,-12,-1,-29
clap2(13), -14,-1,-30,-12,-1,-29,-14,-3,-31,-21,-3,-29,-13,-1,-31,-12,1,-38,-19,-2,-26,-22,-5,-7,-2,-11,-77,-24,-3,-19,5,0,-66,-17,1,-27,-12,-2,-29
clap2(13), -13,-1,-30,-13,-1,-30,-11,1,-32,-15,-1,-29,-24,-3,-6,13,9,-79,-18,-4,-17,5,-2,0,-20,2,-29,-9,-6,-32,-11,-4,-30,-13,0,-29,-12,0,-29
clap2(11), -12,0,-29,-13,-1,-30,-11,-2,-34,-12,0,-31,-20,-1,-20,-18,-2,-5,-15,6,-50,-25,-2,-1,-10,-1,-43,-13,-8,-33,-10,-4,-28
clap2(12), -11,4,-34,-15,-3,-32,-22,-7,-12,-21,-6,-2,12,-8,-85,-21,-3,-11,25,-17,-41,-15,-3,-31,-9,-5,-29,-13,-1,-28,-12,-3,-31,-11,-2,-31
clap2(12), -11,-2,-31,-12,-2,-29,-11,1,-35,-16,-4,-30,-22,-2,-9,-16,2,0,-20,2,-23,-22,2,4,-17,3,-36,-11,-7,-31,-13,-3,-28,-14,-1,-30
clap2(12), -12,-1,-29,-13,-1,-29,-12,0,-35,-13,-1,-30,-21,-1,-17,-20,-1,-7,-4,-7,-66,-24,1,-6,-3,-3,-52,-13,-5,-34,-10,-3,-28,-12,-4,-34
clap2(12), -12,-3,-31,-12,-3,-30,-11,-2,-35,-14,-1,-31,-21,-1,-14,-15,-4,-18,-22,5,-29,-20,-8,-4,-19,0,-32,-10,-8,-33,-11,-4,-28,-12,-3,-31
clap2(12), -11,-2,-33,-10,-2,-32,-17,-2,-25,-19,-2,-7,-6,-4,-61,-21,-4,-13,-11,1,-38,-12,-7,-34,-10,-5,-28,-14,-1,-29,-11,-3,-31,-12,-4,-29
clap2(13), -11,-3,-31,-12,-4,-29,-10,-3,-33,-13,-4,-29,-15,-5,-26,-22,-6,-17,3,4,-56,-17,-2,-22,-2,6,-26,-18,3,-30,-9,-3,-42,-12,-1,-31,-13,-2,-28
clap2(13), -12,-1,-31,-13,-2,-28,-11,0,-31,-12,-1,-33,-12,2,-30,-18,1,-22,-23,-5,-9,0,-7,-64,-20,-6,-14,-5,-4,-49,-14,-3,-31,-10,-5,-30,-15,-1,-28
clap2(13), -14,-2,-30,-13,-2,-29,-12,-1,-34,-15,-1,-30,-21,0,-12,11,-4,-65,-17,-2,-19,-1,-6,-65,-17,2,-27,-10,-6,-31,-14,-2,-30,-12,-2,-29,-13,0,-28
clap2(13), -13,-1,-30,-12,-1,-33,-17,-1,-26,-22,-3,-8,11,-14,-64,-18,-2,-16,5,-2,-62,-14,-1,-31,-10,-5,-30,-13,-1,-29,-12,-2,-28,-13,-1,-30,-12,-1,-29
clap2(11), -12,-1,-30,-12,-1,-30,-11,-1,-36,-12,-1,-31,-19,0,-18,-17,1,-10,-20,3,-32,-19,0,0,-17,1,-34,-10,-8,-31,-12,-3,-29
clap2(11), -12,-1,-31,-12,-1,-31,-17,-1,-24,-18,-1,-11,-15,0,-60,-22,-3,-9,-10,0,-41,-12,-5,-31,-11,-4,-29,-13,-1,-30,-12,-1,-29
clap2(11), -12,-1,-32,-12,0,-32,-19,-1,-13,-18,6,-8,-18,2,-24,-20,-1,-5,-15,0,-41,-11,-4,-28,-13,-2,-30,-13,0,-28,-13,-1,-29
clap2(12), -13,-1,-29,-13,-1,-30,-12,-1,-36,-14,0,-30,-22,0,-7,0,-3,-73,-13,-1,-19,-21,1,-11,-20,1,-31,-10,-5,-30,-13,-1,-30,-12,-2,-29
clap2(13), -13,-2,-30,-13,-1,-29,-11,0,-37,-16,-3,-29,-20,-3,-6,-5,2,-59,-21,0,-8,-4,0,-60,-12,-2,-27,-12,-2,-31,-13,0,-29,-13,0,-29,-13,-1,-30
clap2(13), -13,0,-29,-13,-1,-30,-12,0,-35,-13,0,-30,-21,-1,-10,4,-2,-21,-13,-2,-19,-21,5,-1,-18,1,-33,-9,-6,-31,-13,-1,-29,-13,-2,-28,-13,-2,-30
clap2(12), -13,-2,-30,-12,-2,-30,-11,-1,-35,-12,-1,-29,-18,-1,-21,-19,-2,-9,-5,-1,-66,-19,-4,-13,-1,-6,-54,-12,-1,-30,-11,-4,-28,-14,-2,-30
clap2(13), -12,-2,-30,-12,-3,-29,-10,-1,-38,-11,-4,-34,-20,-1,-14,-21,1,-5,0,-9,-78,-21,-1,-14,0,1,-66,-18,0,-28,-11,-3,-29,-13,-1,-31,-12,-2,-29
clap2(12), -12,-2,-29,-13,-1,-30,-11,0,-35,-12,-4,-31,-22,-1,-15,-16,0,-9,-15,4,-51,-19,-4,-7,-11,1,-44,-12,-4,-32,-11,-4,-28,-13,-2,-30
clap2(12), -11,-3,-30,-12,-2,-31,-10,-2,-37,-12,-1,-28,-20,-1,-17,-18,0,-10,-10,0,-60,-21,-2,-10,0,-13,-58,-15,-3,-29,-11,-4,-29,-13,-1,-30
clap2(13), -12,-2,-32,-12,0,-33,-18,-3,-24,-19,-5,-6,2,-5,-67,-17,-6,-20,0,-2,-52,-18,0,-29,-9,-4,-29,-12,-2,-30,-10,-3,-29,-11,-1,-34,-10,-2,-33
clap2(13), -11,-1,-34,-10,-2,-33,-15,-5,-30,-21,-3,-10,-10,10,-42,-19,0,-24,-16,-7,-4,-18,0,-34,-9,-8,-32,-11,-4,-28,-12,-3,-30,-9,-4,-34,-10,-3,-35
clap2(11), -9,-4,-34,-10,-3,-35,-15,-4,-27,-21,-1,-14,-16,0,-13,-15,3,-44,-19,-6,-7,-15,3,-41,-11,-7,-32,-10,-6,-28,-12,-2,-32
clap2(12), -11,-4,-29,-11,-4,-32,-8,-4,-37,-14,-2,-29,-22,0,-6,0,-8,-64,-17,-1,-18,-20,3,-10,-20,-1,-32,-9,-9,-31,-11,-5,-28,-12,-4,-30
clap2(13), -12,-4,-30,-11,-4,-30,-10,-3,-38,-13,-4,-31,-22,-2,-8,0,-5,-37,-16,-4,-21,-20,0,-1,-18,-1,-37,-9,-8,-29,-12,-4,-29,-12,-4,-29,-11,-5,-29
clap2(12), -12,-4,-29,-11,-5,-29,-10,-6,-34,-11,-5,-30,-18,-4,-18,-15,5,-5,-20,3,-24,-19,-5,-3,-15,0,-35,-11,-6,-29,-10,-5,-30,-12,-3,-31
clap2(13), -12,-3,-31,-11,-4,-29,-11,-3,-33,-10,-2,-33,-15,-2,-29,-18,-1,-9,0,-9,-71,-17,-3,-17,3,-7,-50,-17,-2,-30,-9,-7,-29,-12,-4,-30,-11,-4,-29
clap2(12), -11,-4,-29,-12,-4,-31,-10,-5,-35,-13,-3,-30,-20,0,-10,-1,-7,-69,-17,-3,-19,-20,5,-16,-20,-2,-32,-8,-9,-30,-12,-4,-30,-11,-4,-30
clap2(12), -11,-5,-31,-11,-3,-33,-18,-3,-21,-18,-3,-6,-12,0,-58,-19,-7,-10,1,-4,-50,-12,-4,-29,-10,-5,-30,-13,-3,-30,-11,-4,-29,-12,-4,-31
clap2(11), -11,-4,-29,-12,-4,-31,-10,-4,-36,-12,-3,-30,-19,-3,-18,-17,-3,-11,-16,3,-48,-18,-9,-7,-14,0,-39,-12,-6,-33,-10,-4,-28
clap2(12), -12,-6,-33,-10,-4,-28,-13,-3,-30,-11,-4,-29,-11,-3,-32,-9,-6,-39,-12,-2,-30,-21,0,-5,7,-11,-56,-16,-5,-21,-2,-6,-32,-17,-1,-31
clap2(12), -11,-1,-34,-14,-4,-31,-22,-4,-6,4,-3,-74,-19,-5,-17,-2,0,-9,-17,-1,-31,-10,-7,-30,-12,-3,-30,-12,-2,-29,-12,-3,-29,-12,-3,-30
clap2(13), -12,-3,-29,-12,-3,-30,-10,-2,-36,-15,-4,-28,-20,-4,-9,4,-6,-60,-18,-3,-17,-4,-3,-51,-14,-4,-32,-10,-5,-28,-13,-1,-30,-11,-3,-28,-11,-4,-32
clap2(12), -11,-3,-28,-11,-4,-32,-11,-5,-35,-12,-2,-29,-19,-2,-17,1,0,-33,-18,-1,-20,-17,-8,-6,-20,2,-31,-9,-9,-28,-7,-12,-33,-9,-9,-30
>
