Left Hand, Seated, Watch Face on Top of Wrist, Sharp Movement Right

swiperight(12), -12,-15,-10,-21,-15,-12,-25,-19,-14,-22,-25,-10,-18,-41,-4,-18,-17,-22,1,46,-24,-17,15,-27,-17,10,-24,-19,9,-24,-18,7,-24,-17,8,-26
swiperight(11), -15,-33,-13,-17,-38,-1,-9,-34,1,-8,7,-10,-17,6,-37,-24,0,-21,-19,4,-24,-19,8,-26,-18,8,-25,-18,8,-25,-19,7,-25
swiperight(11), -10,-13,-28,-13,-18,-21,-16,-23,-22,-20,-20,-14,-16,-34,-14,-21,-3,-19,-5,51,-29,-22,10,-23,-18,7,-23,-20,10,-23,-19,11,-23
swiperight(11), -14,-28,-16,-16,-25,-12,-17,-29,-5,-19,-18,-23,0,-6,-32,-19,-7,-29,-19,-9,-24,-19,-9,-23,-20,-9,-23,-18,-7,-25,-18,-8,-24
swiperight(11), -15,-23,-19,-17,-20,-16,-21,-22,-8,-27,-33,10,0,15,-34,-22,-7,-28,-18,-13,-24,-21,-6,-23,-20,-6,-24,-20,-5,-24,-19,-6,-26
swiperight(11), -15,-26,-15,-14,-28,-16,-17,-25,-12,-15,-35,3,-21,-23,-2,0,0,-43,-24,-18,-23,-15,-11,-22,-18,-16,-23,-18,-12,-24,-18,-11,-23
swiperight(11), -14,-29,-13,-14,-27,-13,-15,-29,-10,-18,-27,-8,-19,-21,-10,-24,-15,-3,-15,-49,5,3,-3,-39,-18,-25,-25,-21,-13,-20,-19,-13,-20
swiperight(12), -12,-23,-22,-12,-30,-21,-12,-28,-17,-14,-26,-15,-18,-24,-11,-22,-18,-6,-25,-15,-3,-16,-40,-3,-23,-15,-3,-7,1,-42,-23,-7,-23,-21,-10,-22
swiperight(11), -10,-20,-23,-12,-26,-21,-15,-29,-19,-18,-20,-13,-23,-19,-5,-14,-36,-15,5,-3,-31,-23,-1,-33,-21,-3,-25,-19,0,-24,-20,2,-24
swiperight(12), -11,-27,-23,-13,-24,-20,-17,-24,-14,-22,-27,0,-13,-41,0,1,-6,-21,-6,7,-44,-23,2,-25,-14,5,-25,-18,8,-27,-16,4,-27,-18,4,-26
swiperight(11), -8,-20,-28,-11,-22,-25,-14,-23,-21,-18,-22,-16,-21,-23,-8,-25,-28,3,-17,-49,-8,31,51,-45,-17,10,-33,-20,0,-24,-17,3,-26
swiperight(11), -11,-19,-26,-12,-21,-24,-14,-24,-22,-17,-22,-16,-21,-29,-5,-14,-41,-16,14,45,-37,-21,7,-34,-16,5,-26,-16,3,-26,-18,5,-26
swiperight(11), -10,-12,-27,-11,-16,-23,-13,-26,-17,-15,-27,-15,-17,-25,-11,-10,-43,-6,-5,-39,-5,8,32,-41,-17,12,-32,-15,0,-26,-18,0,-27
swiperight(12), -11,-23,-19,-10,-35,-19,-13,-32,-13,-2,-44,-14,25,4,-31,-6,13,-42,-19,-1,-29,-13,0,-28,-15,7,-28,-13,4,-29,-14,5,-28,-14,4,-28
swiperight(11), -12,-29,-20,-14,-30,-15,-14,-35,-9,-6,-50,-12,15,57,-40,-16,6,-34,-16,0,-27,-16,2,-25,-16,4,-25,-12,6,-30,-12,5,-29
swiperight(12), -11,-6,-26,-10,-13,-26,-11,-18,-25,-12,-25,-26,-14,-23,-22,-17,-20,-15,-7,-39,-29,16,-14,-34,-9,20,-39,-22,-3,-26,-16,-1,-27,-18,3,-27
swiperight(12), -14,-18,-24,-16,-19,-20,-18,-30,-16,0,-40,-32,9,8,-22,-4,29,-39,-21,-1,-28,-15,5,-27,-17,7,-25,-15,7,-26,-17,6,-26,-16,7,-26
swiperight(12), -10,-15,-28,-10,-18,-28,-11,-22,-28,-15,-21,-20,-20,-22,-12,-15,-41,-20,12,-13,-24,-3,23,-44,-24,0,-27,-15,2,-26,-18,6,-27,-17,7,-25
swiperight(11), -12,-17,-26,-14,-20,-24,-17,-18,-19,-21,-30,-11,-15,-36,-15,18,32,-38,-17,19,-30,-24,3,-20,-18,4,-25,-19,8,-26,-18,8,-25
swiperight(12), -6,-15,-34,-8,-17,-28,-10,-19,-24,-13,-21,-23,-15,-25,-19,-17,-32,-16,-9,-46,-20,28,50,-29,-15,16,-34,-21,0,-25,-17,4,-26,-19,7,-25
swiperight(12), -8,-16,-30,-9,-20,-25,-14,-25,-19,-16,-33,-13,-8,-63,-14,39,49,-29,-20,19,-33,-21,0,-26,-15,1,-28,-18,5,-26,-17,4,-26,-17,4,-27
swiperight(11), -10,-13,-27,-12,-22,-27,-15,-21,-24,-15,-35,-21,-4,0,-13,-3,48,-37,-24,2,-24,-16,1,-25,-17,8,-28,-16,6,-25,-16,7,-26
swiperight(12), -11,-19,-30,-15,-20,-26,-19,-14,-17,-15,-47,-27,4,9,-22,-3,40,-29,-25,4,-25,-16,5,-24,-18,9,-26,-17,7,-26,-17,8,-26,-17,8,-25
swiperight(12), -9,-13,-30,-12,-20,-30,-15,-16,-25,-20,-13,-13,-12,-36,-35,10,6,-40,-10,29,-23,-24,0,-23,-16,6,-26,-17,9,-27,-16,7,-26,-17,6,-26
swiperight(11), -14,-21,-21,-15,-26,-23,-10,-22,-22,9,29,-43,-14,14,-28,-21,0,-24,-15,4,-27,-16,9,-25,-16,7,-27,-15,8,-26,-14,6,-26
swiperight(11), -7,-9,-32,-7,-16,-29,-11,-24,-26,-13,-24,-27,-15,-24,-19,-6,-4,-13,3,38,-43,-18,7,-27,-19,2,-25,-17,6,-28,-17,8,-26
swiperight(11), -8,-5,-33,-8,-7,-31,-8,-13,-30,-10,-18,-29,-12,-24,-29,-13,-32,-23,-5,1,-18,0,45,-39,-22,1,-24,-18,2,-25,-18,9,-26
swiperight(12), -11,-15,-30,-14,-14,-26,-19,-18,-18,-10,-33,-38,5,16,-28,-13,34,-25,-24,1,-23,-17,5,-25,-20,10,-25,-18,5,-24,-18,6,-24,-17,7,-26
swiperight(11), -9,-12,-31,-12,-17,-29,-16,-18,-26,-16,-24,-21,-7,-7,-14,2,56,-34,-23,1,-27,-16,3,-25,-17,4,-27,-16,7,-27,-15,6,-27
swiperight(11), -8,-6,-31,-10,-10,-30,-11,-14,-27,-12,-27,-28,-15,-31,-21,-7,-24,-18,15,23,-42,-10,14,-28,-21,0,-25,-13,7,-29,-15,8,-27
swiperight(11), -10,-1,-30,-9,-5,-30,-9,-9,-31,-9,-13,-32,-10,-18,-30,-15,-18,-25,-16,-31,-23,-5,8,-18,1,42,-38,-22,5,-25,-17,2,-25
swiperight(11), -10,-12,-29,-12,-19,-26,-16,-24,-23,-13,-27,-29,0,19,-16,-8,36,-32,-21,0,-30,-15,1,-28,-16,4,-26,-15,4,-28,-14,1,-29
swiperight(11), -9,-8,-30,-9,-10,-28,-9,-23,-29,-12,-25,-25,-9,-37,-26,6,8,-29,-1,27,-33,-25,-7,-26,-15,2,-27,-15,6,-28,-15,5,-27
swiperight(11), -10,-17,-27,-12,-23,-29,-14,-19,-23,-11,-26,-26,-1,12,-28,-7,27,-29,-22,1,-26,-16,2,-27,-16,6,-27,-15,5,-27,-16,5,-27
swiperight(11), -9,-5,-30,-9,-13,-27,-11,-21,-28,-13,-19,-25,-17,-26,-16,-3,-14,-30,5,31,-40,-10,10,-29,-18,0,-27,-12,3,-29,-14,4,-28
swiperight(11), -7,-6,-32,-8,-8,-28,-9,-16,-28,-11,-24,-26,-15,-26,-16,-6,-38,-13,3,28,-18,-1,28,-33,-19,1,-30,-10,8,-28,-12,8,-29
swiperight(12), -11,-18,-26,-13,-20,-24,-15,-27,-17,-1,-38,-28,14,18,-25,-4,34,-28,-19,4,-28,-13,6,-27,-14,10,-28,-12,7,-29,-13,9,-28,-12,8,-28
swiperight(11), -11,-13,-25,-11,-18,-25,-11,-29,-26,-14,-28,-21,-10,-32,-16,7,6,-20,8,50,-36,-18,-1,-29,-14,2,-26,-12,11,-30,-12,11,-29
swiperight(11), -11,-11,-27,-11,-19,-24,-12,-23,-17,-11,-37,-11,-12,-36,-5,-15,-36,8,-10,-28,-7,8,4,-38,-12,0,-33,-23,-6,-25,-19,0,-24
swiperight(12), -9,-10,-29,-11,-18,-25,-12,-22,-22,-13,-23,-20,-14,-27,-16,-16,-27,-10,-19,-30,-2,-12,-46,-1,-7,-5,-27,-11,12,-39,-28,-8,-22,-20,-2,-23
swiperight(11), -20,-24,-7,-22,-30,0,-13,-47,9,-5,8,-27,-14,14,-42,-25,-1,-24,-20,0,-24,-21,1,-24,-20,4,-23,-19,3,-24,-18,-2,-26
swiperight(11), -13,-22,-23,-13,-26,-20,-15,-27,-14,-18,-25,-9,-21,-24,-3,-22,-29,7,-22,-37,12,7,-10,-31,-12,10,-38,-23,-3,-27,-20,-4,-25
swiperight(11), -14,-15,-22,-13,-23,-19,-13,-32,-15,-15,-32,-6,-16,-42,16,-14,-41,13,7,43,-41,-20,-1,-27,-27,-4,-20,-22,-1,-22,-24,-1,-22
swiperight(12), -16,-11,-28,-14,-8,-32,-10,-11,-19,-11,-34,-16,-14,-36,-8,-17,-32,1,-18,-29,9,-24,-12,0,-5,11,-46,-26,-7,-22,-24,-7,-21,-23,-1,-20
swiperight(11), -15,-30,-9,-18,-32,-2,-21,-30,6,-15,-38,3,-8,1,-23,-12,0,-39,-29,-7,-20,-21,-2,-22,-23,4,-23,-22,0,-23,-22,0,-22
swiperight(11), -14,-31,-16,-18,-32,-4,-21,-29,2,-17,-29,-5,0,-38,-25,-14,7,-35,-26,-5,-22,-22,-6,-20,-24,-4,-19,-21,0,-24,-21,1,-24
swiperight(12), -11,-22,-24,-12,-26,-19,-15,-29,-13,-21,-31,1,-14,-38,0,-17,-22,-10,1,29,-44,-23,-3,-25,-23,-5,-22,-22,0,-24,-22,3,-24,-23,0,-22
swiperight(11), -17,-28,-9,-19,-31,-5,-12,-48,0,2,-11,-34,-16,9,-39,-26,-6,-20,-22,-3,-21,-24,1,-21,-23,0,-21,-23,0,-21,-22,0,-22
swiperight(12), -11,-28,-18,-14,-37,-8,-17,-25,-5,-12,-44,-6,-14,-23,0,-1,27,-42,-23,0,-25,-22,-8,-21,-22,-2,-22,-23,-1,-23,-21,0,-22,-19,-2,-24
swiperight(11), -12,-30,-15,-15,-36,-3,-17,-30,2,-11,-42,-3,11,-18,-25,-10,-6,-40,-27,-10,-21,-19,-4,-24,-21,-1,-24,-20,-1,-23,-19,-2,-24
swiperight(11), -14,-36,-2,-18,-27,0,-15,-40,-15,5,-11,-26,-17,-2,-36,-25,-9,-21,-22,-8,-21,-23,-3,-19,-23,-3,-21,-23,-3,-21,-21,-4,-21
swiperight(12), -13,-35,-14,-15,-32,-12,-20,-24,-2,-16,-41,-3,6,-12,-23,-15,13,-38,-27,-3,-21,-23,-6,-21,-23,-1,-22,-22,1,-23,-22,0,-23,-22,0,-22
swiperight(11), -15,-35,-10,-15,-34,-4,-10,-47,0,-12,-10,-2,-7,13,-46,-26,-5,-24,-22,-8,-21,-22,-3,-21,-22,-2,-23,-22,-4,-23,-21,-4,-23
swiperight(12), -19,-7,-23,-18,-7,-24,-15,-7,-22,-11,-19,-19,-11,-36,-14,-12,-39,-10,-16,-35,-2,-10,-43,-3,-6,-9,-7,-12,-1,-39,-30,-10,-20,-21,-7,-22
swiperight(11), -14,-36,-10,-16,-37,3,-14,-55,-5,34,31,-37,-18,19,-29,-27,0,-20,-22,3,-22,-23,7,-21,-22,7,-20,-21,6,-22,-21,2,-23
swiperight(11), -12,-30,-15,-13,-35,-12,-17,-32,3,-16,-43,-3,4,-7,-26,-18,1,-36,-28,-5,-20,-23,-7,-20,-24,0,-20,-24,0,-19,-22,0,-23
swiperight(12), -21,0,-23,-19,0,-24,-15,-8,-23,-12,-17,-21,-11,-41,-16,-14,-33,-13,-17,-32,-4,-14,-40,-2,-13,-11,-2,-14,3,-38,-27,-9,-19,-21,-2,-22
swiperight(12), -20,-6,-23,-15,-7,-24,-8,-16,-20,-8,-45,-14,-11,-31,-14,-16,-34,-5,-13,-34,0,-22,-40,9,10,2,-39,-21,7,-31,-26,-3,-18,-23,-2,-21
swiperight(11), -12,-35,-11,-17,-29,-3,-16,-43,-12,17,7,-25,-13,4,-34,-30,-6,-20,-20,1,-22,-23,4,-22,-22,2,-22,-22,5,-22,-21,4,-23
swiperight(11), -15,-31,-8,-17,-37,0,-20,-34,-16,7,11,-35,-17,23,-29,-25,-1,-20,-24,-2,-21,-23,3,-23,-23,2,-22,-23,2,-22,-22,3,-23
swiperight(12), -12,-15,-23,-11,-22,-19,-9,-33,-17,-10,-31,-17,-12,-26,-19,-16,-22,-13,-19,-23,-10,-13,-43,-11,-13,-26,-8,-9,21,-44,-24,-2,-23,-22,-4,-22
swiperight(13), -21,6,-23,-20,6,-20,-16,-3,-22,-12,-18,-20,-11,-35,-12,-12,-46,-10,-14,-30,-10,-22,-13,-1,-24,-27,-3,-31,-17,3,-10,23,-45,-27,-6,-23,-25,-4,-18
swiperight(12), -19,-3,-22,-15,-12,-22,-12,-25,-19,-11,-40,-12,-16,-34,-11,-19,-23,-8,-15,-32,-18,-16,-17,-3,-11,7,-34,-29,-5,-23,-21,-1,-22,-24,-1,-21
swiperight(12), -15,-25,-8,-14,-36,-8,-15,-30,-5,-16,-46,-2,-13,-47,4,30,13,-44,-17,4,-35,-31,-4,-17,-24,-2,-18,-25,7,-20,-25,0,-18,-25,0,-19
swiperight(11), -15,-31,-9,-20,-19,-6,-21,-33,-6,-29,-14,-3,-16,29,-31,-22,2,-26,-23,3,-22,-23,1,-21,-23,1,-22,-23,0,-21,-24,-3,-21
swiperight(11), -16,-32,-11,-19,-39,-2,-14,-26,-16,11,14,-47,-15,5,-27,-30,-4,-18,-21,0,-22,-23,8,-21,-23,4,-22,-23,7,-20,-21,1,-22
swiperight(11), -14,-28,-16,-15,-38,-13,-16,-34,-8,-13,-28,-18,-7,-8,-9,-13,30,-27,-28,2,-21,-24,5,-19,-24,9,-20,-23,6,-20,-24,6,-20
swiperight(14), -23,7,-19,-23,4,-20,-21,-3,-22,-17,-5,-23,-12,-14,-23,-12,-34,-16,-14,-36,-13,-14,-35,-13,-20,-18,-4,-15,-29,-20,-18,-10,-3,-18,25,-33,-26,-4,-23,-24,-2,-19
swiperight(13), -22,3,-19,-19,-4,-18,-15,-18,-17,-14,-36,-13,-15,-40,-14,-16,-26,-14,-22,-17,-4,-17,-26,-25,0,-7,-28,-12,14,-27,-29,-2,-22,-22,3,-21,-23,6,-22
swiperight(12), -20,0,-20,-17,-11,-22,-15,-19,-22,-14,-31,-19,-15,-36,-16,-19,-18,-13,-19,-24,-15,-31,-15,4,-10,26,-31,-29,-4,-26,-22,0,-22,-23,5,-21
swiperight(11), -14,-34,-16,-18,-24,-12,-12,-28,-22,-22,-5,-11,-12,29,-31,-27,0,-24,-23,0,-19,-24,0,-21,-22,0,-24,-23,0,-23,-23,0,-22
swiperight(12), -10,-32,-14,-12,-25,-20,-18,-22,-11,-12,-38,-14,-19,-25,-8,-10,24,-37,-24,-2,-23,-23,-3,-20,-24,1,-22,-23,0,-22,-23,0,-23,-23,-1,-22
swiperight(11), -15,-33,-10,-18,-24,-8,-15,-33,-15,-24,-13,3,-14,22,-36,-24,-3,-22,-26,-5,-16,-26,-2,-19,-25,0,-19,-25,-1,-20,-24,-1,-21
swiperight(11), -14,-15,-23,-12,-21,-21,-11,-30,-13,-12,-43,-4,-16,-30,-4,-15,-29,-6,-26,-10,7,-15,7,-43,-22,-10,-23,-24,-6,-17,-23,-6,-21
swiperight(12), -21,-7,-22,-19,-9,-22,-17,-12,-19,-14,-21,-16,-15,-36,-9,-16,-37,-4,-16,-28,-10,-21,-23,1,-17,-35,-24,-12,5,-39,-22,-17,-23,-25,-11,-15
swiperight(11), -15,-10,-25,-16,-13,-21,-15,-20,-17,-14,-31,-11,-15,-38,-6,-20,-23,-2,-18,-35,2,-25,-20,3,-10,15,-46,-24,-6,-22,-22,-3,-21
swiperight(11), -16,-33,-1,-20,-21,-3,-16,-42,-11,4,16,-30,-15,-4,-38,-26,-6,-22,-22,-4,-21,-23,-2,-24,-22,-2,-22,-22,-3,-24,-21,-2,-25
swiperight(12), -15,-38,-8,-15,-35,-14,-21,-18,-2,-13,-39,-12,-6,-4,-15,-11,2,-38,-29,-7,-18,-22,-4,-21,-24,1,-20,-23,0,-22,-23,0,-22,-22,0,-22
swiperight(11), -12,-29,-14,-15,-33,-11,-18,-28,-4,-21,-26,1,-17,-31,-8,-6,-19,-16,-15,-2,-34,-27,-3,-21,-24,-3,-20,-25,0,-20,-24,-1,-20
swiperight(12), -11,-36,-12,-14,-39,-7,-17,-28,-1,-21,-20,1,-14,-39,-8,0,-7,-15,-15,1,-40,-25,-6,-24,-23,-7,-20,-24,0,-20,-22,0,-22,-22,-1,-23
swiperight(12), -14,-32,-14,-16,-34,-12,-19,-28,-6,-22,-20,-2,-17,-36,-15,-15,-10,0,-15,-5,-37,-26,-8,-21,-25,-10,-17,-26,-4,-17,-21,-5,-17,-22,-3,-18
swiperight(11), -15,-7,-17,-13,-17,-19,-11,-34,-15,-15,-42,-5,-18,-29,-4,-19,-26,0,-28,-4,-8,-13,14,-40,-26,-13,-20,-24,-7,-18,-24,-6,-21
swiperight(11), -17,-33,-4,-21,-24,0,-15,-30,-11,-18,-26,4,-14,9,-36,-26,-11,-21,-25,-4,-16,-25,-8,-18,-24,-3,-20,-24,-6,-20,-24,-4,-19
swiperight(12), -23,-7,-20,-22,-8,-20,-17,-9,-22,-14,-22,-18,-14,-36,-9,-15,-38,-4,-18,-29,-1,-20,-28,1,-24,-18,-17,-11,-22,-36,-17,2,-29,-21,-10,-22
swiperight(11), -14,-39,0,-17,-33,0,-12,-37,-5,-20,-5,-6,-12,16,-43,-26,-2,-22,-23,-3,-19,-23,2,-22,-22,2,-23,-23,0,-22,-22,0,-22
swiperight(14), -23,0,-22,-22,2,-21,-20,0,-21,-14,-6,-21,-8,-25,-20,-11,-41,-15,-15,-35,-9,-18,-27,-2,-15,-40,-13,0,-14,-8,-9,42,-34,-23,2,-29,-21,0,-23,-21,8,-23
swiperight(11), -17,-29,-8,-20,-24,-3,-15,-40,-2,-14,-23,-16,-3,22,-48,-21,-8,-26,-23,-10,-21,-21,-4,-22,-21,0,-22,-21,-3,-23,-22,-2,-23
swiperight(12), -11,-34,-10,-16,-37,-2,-19,-27,0,-14,-39,-10,-6,-7,-5,-16,17,-36,-28,-5,-21,-23,-1,-20,-23,2,-21,-23,3,-21,-24,1,-22,-23,3,-21
swiperight(15), -21,0,-24,-21,2,-24,-20,6,-23,-17,3,-24,-11,-4,-24,-8,-24,-27,-7,-38,-16,-14,-42,-13,-17,-21,-4,-12,-33,-15,0,0,-33,-15,-13,-35,-23,-7,-21,-17,-1,-24,-20,1,-24
swiperight(13), -18,-1,-23,-13,-6,-23,-10,-22,-20,-10,-41,-15,-16,-29,-13,-17,-23,-8,-11,-42,-22,-13,-6,-3,-12,12,-39,-23,-5,-26,-21,-5,-22,-22,-3,-24,-20,-4,-26
swiperight(12), -14,-34,-14,-13,-34,-10,-17,-28,-10,-18,-23,-12,-14,-29,-23,-25,-7,8,-7,-18,-29,-26,12,-22,-24,-9,-19,-25,-8,-20,-24,-5,-21,-23,-5,-22
swiperight(11), -12,-39,-2,-13,-31,-9,-18,-29,-2,-14,-28,-17,8,6,-39,-15,15,-28,-24,-1,-23,-20,1,-26,-20,6,-24,-21,3,-22,-21,4,-23
swiperight(11), -10,-36,-13,-12,-41,-5,-13,-33,-4,-16,-35,-11,6,24,-29,-14,23,-27,-22,8,-23,-20,7,-21,-21,8,-20,-21,7,-24,-21,7,-23
swiperight(11), -13,-25,-22,-15,-26,-14,-16,-37,-5,-12,-45,1,-9,-30,-9,-3,73,-23,-21,7,-25,-22,4,-21,-22,9,-20,-21,8,-21,-21,8,-22
swiperight(11), -10,-35,-12,-12,-39,-10,-16,-30,-6,-18,-28,-5,-20,-27,-13,4,35,-35,-16,23,-23,-25,6,-18,-22,6,-21,-21,11,-22,-21,9,-21
swiperight(12), -10,-36,-13,-11,-37,-11,-16,-30,-3,-12,-46,-7,5,-3,-9,-8,46,-34,-20,7,-27,-20,5,-23,-20,10,-21,-21,9,-20,-21,10,-22,-20,11,-23
swiperight(12), -15,-11,-25,-15,-15,-22,-15,-25,-18,-17,-27,-15,-18,-27,-12,-13,-44,-12,-2,-5,-7,-7,26,-31,-30,-2,-22,-20,6,-23,-22,8,-22,-22,7,-20
swiperight(11), -15,-23,-20,-16,-32,-15,-17,-25,-13,-20,-24,-11,-13,-34,-15,-9,-5,-11,-6,32,-30,-23,5,-23,-19,9,-22,-19,11,-25,-19,7,-25
swiperight(11), -15,0,-25,-14,-9,-24,-13,-24,-20,-14,-35,-13,-16,-34,-10,-18,-31,-6,-14,-23,-15,8,30,-24,-16,21,-23,-24,5,-21,-22,9,-21
>
