Left Hand, Seated, Watch Face on Top of Wrist, single upward motion of palm

swipeup(13), -3,-2,-36,-3,2,-36,-9,-8,-26,-8,-6,-20,-2,-17,-20,-9,-42,-9,-4,-34,-6,-6,-33,-9,-1,-54,5,-5,-33,-9,-11,25,0,-31,3,-18,-25,-7,-14
swipeup(12), -18,-13,-19,-12,-18,-20,-8,-34,-12,-6,-30,-13,-3,-37,-16,-7,-59,4,-4,-11,-10,-27,16,-6,-29,-11,-13,-26,-13,-13,-27,-13,-14,-26,-10,-14
swipeup(11), -7,-33,-9,-5,-38,-7,-4,-49,-2,-9,-47,3,-1,9,0,-37,10,-15,-26,-7,-13,-27,-10,-16,-26,-8,-16,-27,-8,-15,-27,-9,-16
swipeup(11), -7,-31,-16,-4,-37,-16,-6,-51,0,-7,-30,-7,-15,27,-1,-33,-4,-15,-25,-9,-15,-27,-11,-16,-26,-9,-16,-27,-9,-15,-27,-9,-15
swipeup(12), -15,-20,-16,-10,-26,-21,-7,-32,-14,-6,-35,-11,-4,-43,-7,-13,-48,6,-2,2,-9,-34,4,-12,-26,-12,-10,-28,-14,-9,-27,-13,-10,-28,-13,-10
swipeup(12), -8,-31,0,-8,-31,0,-8,-35,2,-8,-59,24,8,-27,-2,-21,30,-11,-31,-2,-11,-28,-9,-13,-30,-8,-11,-29,-7,-12,-29,-7,-12,-29,-7,-11
swipeup(12), -6,-33,0,-6,-33,-1,-4,-43,4,-9,-55,23,5,-4,-10,-35,10,-18,-28,-7,-10,-29,-10,-11,-29,-7,-11,-29,-8,-11,-29,-9,-11,-29,-8,-11
swipeup(11), -9,-35,-1,-6,-37,1,-5,-43,6,-8,-52,17,4,-10,-5,-34,1,-16,-28,-13,-5,-28,-16,-7,-28,-14,-8,-28,-14,-8,-28,-14,-8
swipeup(13), -17,3,-24,-13,-7,-26,-9,-15,-24,-6,-33,-14,-7,-35,-4,-6,-32,-1,-5,-33,-1,-4,-40,0,-1,-67,19,3,-10,-1,-25,33,-4,-29,2,-9,-26,-6,-19
swipeup(11), -10,-30,-7,-8,-39,-1,-7,-47,6,-9,-47,14,-4,-18,-2,-28,14,-15,-29,-6,-9,-28,-13,-10,-28,-12,-11,-28,-9,-11,-29,-8,-10
swipeup(11), -10,-38,-1,-9,-40,4,-11,-50,19,-6,-17,-5,-30,13,-14,-30,-8,-8,-29,-10,-10,-29,-9,-10,-29,-9,-11,-29,-8,-10,-29,-9,-10
swipeup(11), -9,-42,7,-11,-47,13,-13,-36,7,-10,10,-13,-31,3,-15,-28,-11,-10,-29,-12,-11,-29,-10,-10,-29,-10,-10,-29,-9,-10,-29,-9,-10
swipeup(11), -12,-28,-12,-7,-35,-13,-7,-45,-3,-10,-44,3,-5,-25,-9,-28,13,-16,-30,-8,-6,-28,-16,-9,-28,-15,-10,-29,-11,-9,-29,-11,-9
swipeup(11), -8,-38,-4,-8,-48,2,-11,-51,12,0,-5,-9,-35,11,-18,-29,-4,-9,-29,-9,-11,-29,-8,-11,-29,-8,-13,-29,-8,-13,-29,-7,-12
swipeup(12), -28,-6,-13,-27,-6,-12,-24,-9,-11,-19,-14,-12,-13,-20,-16,-7,-38,-17,-5,-44,-6,-10,-55,2,0,-13,-9,-36,7,-14,-28,-10,-9,-28,-14,-11
swipeup(11), -27,-8,-13,-25,-9,-12,-21,-9,-14,-14,-22,-11,-9,-33,-6,-8,-45,-1,-8,-51,10,-5,-33,-2,-11,17,-11,-31,2,-14,-27,-10,-11
swipeup(11), -28,-6,-12,-27,-9,-11,-25,-12,-11,-21,-15,-10,-14,-22,-7,-10,-37,-3,-9,-45,1,-11,-48,14,-4,-30,-2,-28,6,-14,-29,-6,-10
swipeup(11), -13,-33,-6,-10,-37,-1,-9,-47,7,-14,-50,13,0,10,-9,-37,0,-13,-25,-16,-7,-27,-17,-10,-27,-13,-11,-27,-15,-11,-26,-14,-10
swipeup(13), -28,-10,-10,-26,-11,-10,-23,-13,-11,-16,-16,-12,-8,-31,-14,-7,-42,-9,-7,-55,7,-3,-38,1,-13,24,-12,-33,-7,-8,-27,-15,-6,-30,-12,-6,-29,-11,-6
swipeup(11), -1,-34,0,0,-35,1,-3,-49,12,-16,-43,25,-9,15,-8,-15,9,-7,-27,-4,-7,-33,-11,-6,-31,-10,-4,-31,-11,-4,-31,-10,-5
swipeup(13), -29,-10,-4,-27,-10,-5,-27,-7,-7,-26,-10,-9,-20,-17,-11,-14,-27,-15,-14,-38,-9,-18,-40,11,-16,-44,36,-18,-15,0,-13,9,-13,-23,-4,-9,-31,-11,-8
swipeup(12), -16,-24,-10,-12,-30,-10,-17,-50,15,-13,-46,36,-24,-25,2,-10,9,-7,-23,-3,-8,-32,-9,-10,-31,-9,-7,-30,-9,-7,-30,-9,-7,-30,-8,-7
swipeup(13), -14,-20,-19,-6,-25,-26,-8,-36,-11,-11,-45,7,-12,-46,29,-11,-31,2,-9,13,-10,-22,-4,-9,-32,-11,-10,-32,-11,-8,-31,-10,-5,-30,-9,-6,-30,-9,-6
swipeup(11), -8,-37,7,-11,-49,13,-7,-48,36,-8,-19,-2,-10,8,-6,-23,-4,-6,-33,-13,-6,-32,-14,-3,-30,-14,-3,-30,-13,-3,-30,-11,-4
swipeup(13), -10,-35,13,-10,-33,10,-8,-31,9,-9,-29,9,-15,-37,15,-8,-50,39,-8,-24,0,-6,14,-10,-21,0,-8,-34,-10,-7,-34,-12,-5,-31,-11,-4,-30,-10,-5
swipeup(13), -8,-29,10,-8,-29,9,-12,-35,13,-7,-45,31,-19,-42,19,-3,17,-10,-17,6,-8,-31,-8,-7,-34,-11,-5,-31,-10,-4,-31,-10,-3,-30,-10,-4,-30,-10,-4
swipeup(12), -9,-31,5,-9,-33,7,-10,-35,9,-9,-41,24,-25,-37,16,-11,14,-9,-19,0,-3,-31,-11,-4,-33,-13,-3,-31,-11,-1,-30,-10,-1,-30,-11,-2
swipeup(11), -11,-38,11,-7,-44,22,-24,-41,20,-7,19,-15,-22,7,-10,-31,-6,-9,-31,-7,-9,-31,-7,-7,-30,-6,-8,-30,-7,-9,-30,-6,-8
swipeup(11), -29,-12,-4,-28,-14,-4,-26,-12,-7,-23,-10,-10,-17,-18,-14,-11,-32,-13,-11,-37,-6,-13,-49,7,-16,-43,21,-10,-8,-5,-18,-4,-4
swipeup(13), -28,-13,-3,-26,-12,-3,-24,-9,-6,-23,-14,-7,-18,-22,-9,-10,-32,-13,-7,-38,-9,-10,-45,5,-8,-46,25,-17,-32,4,-11,7,-11,-23,-9,-3,-31,-13,-5
swipeup(12), -24,-12,-6,-23,-10,-8,-16,-28,-9,-10,-37,-12,-10,-44,-6,-12,-49,22,-20,-32,6,-10,14,-7,-21,-5,-4,-31,-13,-6,-32,-13,-5,-29,-12,-4
swipeup(12), -12,-36,-2,-12,-36,0,-12,-43,8,-10,-46,26,-22,-28,2,-11,4,-9,-24,-8,-2,-33,-12,-3,-31,-14,-4,-29,-12,-3,-29,-12,-3,-29,-12,-3
swipeup(11), -24,-11,-5,-24,-12,-5,-14,-21,-10,-5,-33,-19,-9,-39,-15,-10,-50,13,-16,-39,15,-9,1,-6,-18,-3,-5,-30,-12,-4,-32,-15,-3
swipeup(12), -26,-12,-5,-24,-11,-6,-20,-15,-7,-13,-31,-7,-10,-36,-8,-10,-41,0,-13,-46,22,-17,-36,15,-12,9,-10,-17,-6,-4,-28,-14,-5,-31,-16,-4
swipeup(14), -27,-12,-5,-25,-12,-5,-24,-15,-2,-25,-14,-2,-21,-16,-10,-9,-30,-20,-8,-31,-17,-10,-42,1,-9,-50,22,-21,-35,14,-8,13,-12,-22,-3,-7,-30,-12,-6,-31,-14,-5
swipeup(15), -28,-16,-2,-27,-15,-3,-25,-15,-5,-25,-7,-6,-22,-5,-11,-13,-21,-16,-7,-36,-18,-12,-45,-4,-9,-48,20,-18,-31,4,-11,7,-10,-22,-8,-2,-29,-17,-1,-29,-18,-1,-28,-17,-1
swipeup(13), -27,-16,-2,-27,-18,-4,-24,-6,-8,-24,0,-8,-16,-16,-17,-9,-32,-19,-11,-41,-3,-15,-47,21,-17,-36,20,-12,0,-11,-18,-4,-6,-29,-13,-6,-32,-14,-6
swipeup(13), -26,-8,-6,-26,0,-8,-22,-8,-12,-13,-25,-18,-11,-32,-21,-12,-41,-13,-8,-50,17,-22,-28,-2,-12,5,-9,-25,-8,-5,-32,-15,-4,-30,-15,-3,-29,-13,-4
swipeup(13), -29,-14,-5,-27,-14,-5,-26,-2,-8,-23,0,-9,-14,-18,-17,-9,-33,-19,-13,-47,-1,-13,-47,14,-17,-33,7,-12,3,-6,-22,-7,-4,-29,-16,-3,-29,-17,-3
swipeup(14), -27,-15,-4,-27,-16,-5,-25,-13,-5,-23,-8,-7,-20,-15,-9,-13,-27,-17,-12,-35,-14,-14,-43,1,-10,-45,21,-21,-31,2,-13,8,-9,-25,-5,-4,-30,-15,-5,-30,-15,-6
swipeup(11), -28,-12,-7,-27,-13,-7,-24,-4,-8,-23,-11,-8,-18,-22,-8,-10,-33,-15,-11,-38,-14,-13,-44,0,-15,-45,18,-13,-9,-8,-17,4,-8
swipeup(13), -30,-10,-7,-29,-12,-7,-28,-5,-7,-25,0,-9,-18,-9,-12,-13,-28,-13,-11,-37,-6,-13,-44,0,-9,-51,13,-20,-31,8,-11,10,-13,-22,-3,-7,-31,-14,-3
swipeup(11), -13,-17,-14,-12,-32,-14,-16,-46,1,-13,-47,26,-17,-27,-1,-12,2,-8,-22,-8,-5,-29,-18,-3,-29,-20,-1,-27,-17,-3,-27,-17,-3
swipeup(12), -28,-17,-2,-27,-18,-4,-26,-6,-6,-22,0,-11,-18,-10,-15,-9,-23,-24,-10,-46,-4,-14,-51,16,-16,-35,17,-12,-1,-2,-20,-3,-3,-29,-13,-5
swipeup(13), -29,-13,-6,-28,-13,-7,-26,2,-7,-22,2,-8,-15,-16,-15,-13,-28,-12,-12,-40,1,-13,-43,11,-9,-45,24,-22,-30,6,-13,13,-12,-20,-8,-2,-29,-14,-5
swipeup(13), -24,-6,-10,-23,-7,-11,-18,-14,-13,-12,-24,-18,-9,-32,-16,-11,-43,-1,-9,-47,22,-20,-33,8,-12,5,-6,-21,-9,-3,-28,-17,-2,-28,-18,-2,-28,-17,-2
swipeup(14), -27,-16,-1,-29,-18,-2,-27,-18,-5,-25,-7,-7,-23,1,-11,-16,-13,-13,-10,-29,-7,-11,-42,8,-15,-47,14,-6,-40,21,-20,-31,10,-13,12,-13,-22,-8,-2,-32,-18,0
swipeup(12), -24,-10,-7,-21,-11,-10,-14,-20,-14,-8,-35,-8,-12,-45,6,-13,-47,19,-15,-31,17,-13,2,-10,-18,-4,-6,-28,-13,-3,-32,-16,-1,-28,-17,-1
swipeup(11), -11,-33,-6,-11,-39,4,-13,-42,13,-9,-43,27,-18,-15,-6,-14,4,-5,-24,-14,0,-31,-19,-3,-28,-19,-3,-27,-17,-2,-27,-17,-3
swipeup(11), -13,-32,-7,-12,-42,2,-15,-41,5,-10,-44,27,-18,-19,0,-13,-2,-6,-23,-10,-2,-29,-18,0,-28,-19,0,-27,-18,-1,-28,-18,-1
swipeup(13), -25,-20,-1,-25,-19,-2,-24,-17,-5,-23,-12,-10,-18,-10,-16,-8,-23,-14,-10,-41,-3,-16,-45,4,-7,-42,18,-20,-31,13,-12,0,-7,-22,-12,-1,-28,-20,0
swipeup(11), -24,-20,-2,-23,-18,-4,-23,-16,-8,-18,-10,-11,-8,-22,-14,-9,-40,-7,-9,-44,6,-8,-44,18,-15,-33,14,-15,1,-4,-16,-10,0
swipeup(11), -25,-22,0,-23,-19,-2,-21,-8,-6,-16,-17,-11,-9,-30,-13,-9,-41,-4,-11,-41,2,-6,-42,23,-18,-27,7,-12,-5,-4,-21,-13,1
swipeup(12), -23,-22,1,-22,-21,0,-22,-17,-4,-17,-13,-8,-9,-27,-15,-10,-35,-4,-12,-39,10,-12,-44,23,-17,-32,14,-13,4,-8,-17,-9,0,-28,-16,-1
swipeup(11), -25,-19,0,-23,-18,-2,-21,-14,-4,-18,-25,-2,-15,-24,-7,-9,-29,-15,-9,-36,-11,-8,-48,-1,-14,-51,20,-9,-6,-9,-14,1,-6
swipeup(13), -27,-15,-5,-26,-14,-5,-22,-4,-4,-12,-21,-13,-8,-40,-9,-11,-44,-3,-8,-49,15,-19,-39,16,-12,5,-8,-19,-7,0,-28,-18,0,-29,-20,0,-27,-18,0
>
