Left Hand, Seated, Watch Face on Top of Wrist, Sharp Movement Left

swipeleft(14), -24,-12,-16,-24,-12,-14,-18,-18,-20,-5,-10,-33,0,10,-42,4,30,-34,8,36,-27,10,36,-25,2,10,-7,-7,-47,-7,-33,-23,-6,-30,-11,-14,-31,-12,-14,-30,-12,-15
swipeleft(15), -26,-12,-12,-24,-13,-14,-21,-15,-16,-16,-22,-21,-6,-22,-37,-4,2,-39,3,25,-34,9,41,-25,17,45,-22,10,3,-13,-9,-49,-2,-34,-23,-4,-31,-14,-13,-26,-16,-11,-30,-14,-16
swipeleft(13), -23,-23,-11,-14,-27,-12,-7,-8,-35,-4,6,-45,1,36,-30,7,35,-23,0,23,-24,-2,-38,-6,-28,-30,-11,-26,-14,-18,-23,-14,-20,-23,-12,-20,-22,-11,-20
swipeleft(14), -22,-12,-20,-22,-13,-18,-20,-16,-19,-15,-19,-20,-8,-16,-31,-5,1,-39,-2,27,-34,-14,28,-23,-15,19,-21,-10,-24,-7,-25,-31,-18,-24,-14,-16,-25,-9,-18,-24,-9,-18
swipeleft(13), -24,-11,-18,-24,-11,-16,-24,-11,-13,-21,-17,-15,-13,-25,-25,-5,-23,-32,-7,-5,-37,0,18,-33,0,30,-22,-9,33,-32,-10,-43,-7,-30,-21,-10,-25,-10,-13
swipeleft(15), -25,-11,-16,-25,-10,-14,-24,-12,-12,-20,-27,-17,-5,-33,-23,-9,-8,-41,-4,15,-35,-2,30,-22,-16,12,-33,-19,-20,-7,-26,-14,-15,-27,-7,-18,-25,-7,-19,-25,-8,-19,-24,-6,-20
swipeleft(15), -23,-5,-20,-23,-5,-18,-22,-12,-21,-16,-27,-18,-7,-23,-26,-8,-5,-41,-10,11,-36,-4,26,-24,-5,30,-19,-8,-17,-17,-21,-35,-16,-27,-16,-16,-22,-13,-20,-21,-13,-19,-22,-12,-20
swipeleft(13), -21,-13,-19,-20,-15,-18,-17,-20,-19,-12,-23,-18,-15,-18,-30,-10,-1,-38,-5,21,-33,-3,27,-25,-4,26,-22,-14,8,-25,-4,-32,-6,-27,-20,-16,-26,-12,-18
swipeleft(14), -20,-13,-15,-18,-16,-21,-10,-23,-17,-17,-15,-31,-11,-2,-40,-5,8,-39,-4,22,-29,-6,24,-24,-11,1,-18,-10,-28,0,-27,-22,-11,-26,-14,-17,-23,-13,-18,-24,-12,-18
swipeleft(14), -23,-13,-17,-21,-14,-17,-17,-17,-12,-16,-16,-15,-21,-24,-45,-15,0,-35,-10,17,-28,-6,26,-27,-5,22,-25,-12,-14,-16,-17,-35,3,-28,-17,-12,-25,-16,-16,-25,-13,-17
swipeleft(11), -21,-7,-32,-21,2,-30,-19,7,-23,-17,13,-18,-12,24,-19,-20,4,-29,-10,-47,-2,-30,-19,-6,-30,-15,-9,-26,-15,-12,-26,-14,-12
swipeleft(11), -21,-1,-27,-18,7,-22,-15,16,-22,-12,28,-22,-22,15,-29,-8,-42,-2,-30,-17,-8,-29,-12,-13,-26,-13,-13,-27,-10,-14,-27,-11,-14
swipeleft(11), -15,-6,-34,-15,4,-29,-15,14,-24,-16,16,-19,-11,28,-18,-24,-17,-15,-20,-45,-4,-33,-16,-10,-24,-11,-14,-27,-11,-14,-27,-12,-12
swipeleft(14), -21,-9,-19,-18,-15,-23,-15,-24,-17,-8,-21,-29,-4,-6,-41,-5,13,-40,-4,17,-31,-3,33,-14,-6,15,-27,-21,-48,-15,-28,-19,-13,-23,-4,-18,-24,-4,-22,-24,-4,-21
swipeleft(14), -23,-4,-26,-27,-1,-18,-26,-7,-20,-24,-10,-16,-23,-2,-8,-14,-8,-32,-5,7,-46,-6,27,-30,-12,24,-22,-12,-8,-17,-28,-43,-10,-25,-17,-11,-24,-7,-19,-25,-8,-18
swipeleft(13), -24,-12,-17,-23,-12,-17,-22,-16,-15,-20,-17,-15,-12,-21,-28,-9,-7,-35,-12,4,-34,-16,28,-22,-12,11,-19,-14,-42,5,-24,-24,-12,-22,-11,-19,-24,-12,-17
swipeleft(11), -19,8,-23,-23,9,-19,-24,20,-9,-14,-7,-30,-26,-44,-15,-23,-19,-14,-23,-11,-18,-23,-12,-18,-23,-13,-17,-23,-14,-16,-23,-14,-16
swipeleft(12), -21,-9,-21,-20,-8,-20,-18,-15,-20,-13,-22,-26,-9,-21,-29,-9,-9,-32,-12,13,-27,-18,22,-21,-8,35,-17,1,-11,-17,-26,-22,-20,-21,-7,-22
swipeleft(11), -14,12,-26,-18,14,-24,-15,37,-18,-10,-10,-28,-31,-41,-16,-23,-13,-17,-23,-8,-20,-24,-9,-19,-24,-9,-18,-24,-10,-18,-23,-11,-18
swipeleft(11), -16,17,-24,-19,19,-21,-17,34,-15,-6,-9,-30,-29,-45,-20,-21,-12,-16,-22,-11,-21,-22,-12,-20,-22,-13,-19,-22,-13,-19,-21,-12,-21
swipeleft(14), -21,-12,-19,-22,-12,-18,-20,-15,-17,-17,-20,-19,-11,-20,-22,-6,-21,-38,-6,0,-35,-15,14,-21,-20,19,-19,-19,32,-11,-11,3,-26,-27,-38,-20,-23,-22,-15,-22,-9,-20
swipeleft(12), -21,-14,-16,-16,-23,-24,-11,-21,-28,-10,-11,-30,-14,8,-27,-20,18,-21,-19,21,-25,-15,13,-15,-10,-19,-1,-24,-32,-12,-24,-12,-17,-24,-13,-15
swipeleft(11), -15,10,-28,-19,18,-22,-20,20,-19,-13,0,-20,-17,-38,-15,-22,-18,-16,-24,-9,-19,-23,-12,-18,-23,-13,-18,-23,-12,-17,-22,-12,-18
swipeleft(12), -9,-9,-34,-11,-1,-32,-14,7,-28,-19,9,-21,-21,12,-19,-20,38,-15,-1,-4,-26,-30,-41,-16,-23,-15,-16,-22,-9,-21,-23,-10,-19,-23,-11,-19
swipeleft(11), -10,0,-32,-13,9,-29,-18,11,-23,-18,19,-23,-14,11,-20,-4,-25,-3,-22,-25,-13,-19,-11,-24,-21,-11,-22,-22,-12,-20,-21,-13,-20
swipeleft(11), -6,-2,-37,-11,10,-28,-19,12,-19,-21,10,-20,-22,10,-20,-20,24,-22,-10,18,-28,-4,-26,-6,-23,-26,-17,-20,-6,-23,-22,-9,-23
swipeleft(11), -21,7,-22,-22,8,-22,-20,30,-19,-2,-3,-37,-25,-52,-23,-20,-20,-14,-19,-11,-24,-19,-10,-23,-20,-11,-22,-20,-13,-21,-19,-14,-21
swipeleft(11), -19,13,-21,-21,19,-18,-14,23,-20,-2,-7,-9,-28,-23,-15,-22,-7,-20,-24,-8,-21,-24,-8,-18,-24,-9,-18,-23,-9,-19,-23,-9,-21
swipeleft(11), -17,16,-21,-22,16,-17,-19,36,-20,-6,-21,-35,-34,-46,-15,-22,-11,-16,-22,-10,-22,-23,-12,-18,-23,-12,-16,-23,-13,-17,-23,-14,-18
swipeleft(12), -17,-19,-22,-15,-21,-21,-11,-21,-30,-10,-2,-31,-14,11,-28,-17,14,-23,-19,24,-20,-12,22,-12,-13,-17,-25,-23,-39,-20,-22,-12,-15,-21,-11,-19
swipeleft(12), -22,-14,-16,-20,-14,-16,-15,-21,-20,-7,-18,-33,-7,-6,-34,-9,16,-30,-15,17,-24,-14,21,-23,-14,-1,-42,-21,-29,-27,-21,-15,-17,-22,-8,-21
swipeleft(11), -21,-13,-19,-19,-16,-20,-14,-18,-27,-12,-8,-33,-14,0,-30,-16,16,-23,-21,17,-22,-17,11,-15,-11,-4,-22,-24,-24,-21,-23,-13,-17
swipeleft(12), -19,-17,-20,-16,-19,-25,-14,-9,-30,-14,7,-30,-18,17,-24,-18,27,-18,-12,-13,-30,-25,-34,-16,-22,-16,-17,-22,-6,-22,-22,-9,-23,-22,-11,-20
swipeleft(11), -16,18,-25,-17,20,-23,-13,15,-12,3,-28,-12,-18,-31,-19,-18,-8,-22,-20,-12,-22,-19,-14,-21,-20,-14,-20,-19,-14,-21,-19,-14,-21
swipeleft(12), -17,-16,-21,-15,-18,-21,-13,-27,-20,-8,-16,-28,-9,-1,-34,-14,13,-28,-17,17,-25,-17,21,-18,-12,-5,-31,-23,-50,-24,-20,-17,-15,-22,-8,-21
swipeleft(12), -16,-19,-20,-9,-17,-32,-10,-8,-33,-12,0,-29,-14,18,-26,-18,14,-24,-17,26,-14,-11,-21,-35,-27,-42,-21,-23,-16,-11,-23,-8,-19,-23,-12,-21
swipeleft(12), -10,-11,-31,-10,-3,-34,-13,12,-30,-16,13,-28,-20,26,-12,-15,-4,-27,-26,-50,-33,-22,-14,-12,-22,-8,-21,-22,-10,-22,-22,-11,-20,-23,-11,-19
swipeleft(12), -11,3,-31,-17,14,-23,-20,28,-15,-5,11,-42,-15,-48,-14,-23,-18,-11,-21,-8,-24,-22,-11,-20,-22,-11,-19,-23,-11,-18,-23,-11,-19,-22,-11,-20
swipeleft(11), -13,16,-26,-18,18,-22,-16,35,-17,-2,-15,-42,-31,-55,-21,-21,-11,-14,-23,-7,-22,-23,-10,-19,-23,-12,-17,-23,-12,-18,-22,-13,-20
swipeleft(11), -16,16,-24,-19,17,-22,-18,22,-20,-10,8,-38,-26,-51,-24,-25,-15,-6,-24,-9,-20,-22,-12,-21,-23,-11,-20,-23,-12,-19,-22,-13,-19
swipeleft(12), -13,8,-31,-18,15,-24,-18,22,-23,-9,5,-28,-14,-38,-16,-22,-23,-7,-25,-11,-16,-23,-13,-20,-23,-11,-19,-24,-10,-15,-22,-15,-19,-22,-13,-19
swipeleft(11), -11,7,-28,-17,18,-23,-11,35,-21,-5,-19,-31,-29,-41,-12,-23,-11,-14,-21,-7,-24,-21,-12,-23,-22,-12,-19,-23,-13,-18,-22,-13,-19
swipeleft(12), -22,-12,-18,-22,-14,-18,-21,-18,-15,-15,-24,-17,-7,-17,-34,-7,-2,-38,-14,6,-28,-21,23,-17,-14,28,-13,-4,-2,-37,-26,-23,-12,-22,-13,-21
swipeleft(11), -21,6,-23,-21,7,-24,-20,21,-24,-12,16,-31,-11,-25,-24,-23,-24,-13,-22,-9,-21,-22,-10,-21,-23,-11,-19,-23,-11,-18,-23,-12,-19
swipeleft(12), -11,-8,-33,-13,-3,-30,-15,1,-27,-18,5,-24,-20,9,-21,-20,12,-22,-16,31,-18,-8,0,-41,-29,-29,-18,-23,-10,-20,-24,-6,-22,-24,-7,-19
swipeleft(11), -9,-13,-34,-11,-2,-30,-16,7,-25,-19,10,-23,-19,16,-22,-17,26,-19,-12,-6,-36,-29,-39,-12,-24,-13,-16,-24,-8,-21,-24,-10,-20
swipeleft(12), -10,-14,-29,-12,-9,-29,-13,2,-28,-15,12,-27,-17,20,-23,-19,18,-21,-17,32,-10,-11,-11,-30,-29,-30,-19,-24,-11,-15,-25,-7,-18,-25,-10,-18
swipeleft(12), -11,-19,-28,-13,-19,-24,-15,-9,-23,-19,7,-23,-20,15,-24,-19,25,-22,-18,28,-12,-3,-15,-9,-28,-31,-15,-24,-6,-16,-25,-5,-19,-24,-11,-19
swipeleft(12), -11,-21,-27,-12,-21,-26,-14,-14,-24,-17,3,-23,-21,15,-19,-20,21,-21,-15,33,-12,-12,-17,-31,-29,-28,-16,-28,-5,-10,-27,-5,-15,-27,-9,-17
swipeleft(12), -12,-15,-28,-15,-10,-27,-16,-4,-26,-19,8,-23,-20,10,-22,-20,14,-21,-19,31,-24,-2,-15,-43,-35,-45,-19,-23,-10,-15,-24,-7,-21,-23,-9,-19
swipeleft(11), -20,12,-20,-21,11,-19,-20,18,-22,-17,26,-24,-8,-11,-37,-31,-40,-15,-26,-14,-11,-24,-7,-18,-25,-8,-18,-25,-9,-18,-25,-10,-17
swipeleft(11), -11,-22,-28,-13,-17,-23,-18,6,-21,-21,14,-19,-21,16,-21,-18,28,-22,-10,-12,-37,-31,-43,-11,-25,-17,-12,-24,-5,-20,-25,-8,-20
swipeleft(12), -11,-23,-25,-7,-14,-33,-8,-8,-34,-11,19,-28,-15,18,-28,-11,30,-20,-12,-15,-21,-33,-38,-13,-24,-15,-13,-25,-10,-17,-25,-9,-18,-24,-11,-17
swipeleft(11), -16,15,-23,-18,24,-23,-12,38,-17,-6,-10,-16,-32,-34,-11,-23,-12,-16,-23,-9,-21,-23,-9,-20,-24,-9,-17,-24,-12,-17,-23,-12,-18
swipeleft(11), -17,14,-21,-20,21,-18,-16,35,-13,-12,-2,-28,-31,-26,-11,-26,-10,-16,-25,-8,-18,-24,-8,-19,-25,-10,-17,-25,-10,-18,-24,-11,-17
swipeleft(13), -10,-16,-30,-14,-1,-27,-16,15,-25,-20,12,-21,-19,30,-19,-7,13,-23,-16,-40,-9,-23,-19,-8,-23,-7,-20,-23,-11,-20,-23,-10,-19,-24,-10,-16,-23,-12,-18
swipeleft(11), -13,1,-28,-17,13,-23,-20,19,-21,-18,28,-10,-11,-1,-20,-28,-29,-17,-24,-13,-16,-24,-7,-18,-23,-10,-20,-24,-8,-20,-25,-10,-15
swipeleft(13), -22,-12,-18,-20,-14,-20,-14,-20,-25,-10,-14,-33,-12,-6,-32,-16,1,-24,-21,16,-18,-22,13,-19,-16,37,-16,-11,-17,-34,-31,-31,-15,-24,-7,-16,-24,-7,-21
swipeleft(13), -24,-10,-16,-22,-9,-18,-18,-12,-21,-10,-19,-34,-10,-9,-32,-13,5,-29,-18,14,-20,-20,19,-21,-17,34,-15,-4,-28,-38,-31,-39,-20,-23,-11,-14,-23,-7,-21
swipeleft(11), -20,-13,-18,-14,-19,-23,-10,-15,-34,-10,-11,-34,-14,1,-25,-18,18,-23,-20,17,-21,-17,18,-15,-16,-5,-19,-28,-18,-16,-22,-7,-20
swipeleft(12), -13,-21,-34,-13,-12,-28,-14,0,-24,-19,18,-21,-20,18,-21,-15,33,-16,-10,-16,-25,-31,-29,-6,-26,-12,-14,-25,-9,-18,-25,-9,-18,-25,-8,-16
swipeleft(11), -20,15,-19,-21,15,-20,-17,32,-17,-10,-25,-41,-34,-35,-15,-24,-9,-13,-25,-6,-20,-24,-9,-20,-26,-9,-16,-26,-10,-14,-25,-11,-17
swipeleft(12), -16,15,-24,-20,13,-20,-22,13,-17,-21,31,-15,-14,-14,-30,-32,-33,-18,-25,-8,-13,-25,-7,-18,-24,-11,-19,-25,-13,-18,-24,-10,-19,-24,-10,-17
swipeleft(12), -14,-5,-30,-18,7,-23,-22,15,-18,-22,16,-21,-16,35,-8,-12,-6,-22,-28,-25,-8,-27,-9,-15,-24,-8,-20,-25,-8,-19,-26,-9,-16,-26,-10,-16
swipeleft(13), -11,-6,-35,-15,5,-27,-21,12,-17,-24,12,-15,-22,27,-22,-6,12,-29,-18,-41,-8,-24,-22,-6,-26,-9,-18,-24,-10,-20,-24,-10,-17,-25,-11,-15,-25,-13,-15
swipeleft(11), -20,14,-20,-23,14,-16,-16,42,-13,-10,-21,-39,-30,-32,-15,-24,-11,-12,-25,-10,-18,-25,-11,-16,-24,-9,-19,-25,-10,-17,-25,-11,-16
swipeleft(11), -20,12,-21,-21,19,-24,-14,33,-12,-14,-32,-27,-32,-42,-8,-23,-12,-10,-25,-12,-16,-25,-12,-16,-26,-11,-14,-26,-12,-15,-25,-13,-15
swipeleft(11), -23,10,-17,-23,12,-18,-22,20,-22,-11,-17,-45,-26,-38,-7,-24,-16,-7,-25,-11,-17,-26,-9,-16,-26,-12,-14,-25,-11,-16,-25,-11,-16
swipeleft(11), -10,11,-33,-16,11,-24,-18,21,-22,-15,25,-15,-14,-8,-18,-29,-35,-15,-23,-13,-17,-23,-9,-21,-24,-12,-18,-25,-12,-15,-25,-11,-15
swipeleft(11), -11,-2,-32,-14,10,-28,-18,14,-23,-22,14,-18,-22,27,-20,-4,0,-32,-21,-36,-6,-24,-20,-12,-24,-11,-17,-25,-12,-16,-25,-12,-16
swipeleft(11), -22,15,-19,-20,20,-23,-16,28,-13,-12,-11,-24,-27,-30,-15,-26,-14,-10,-26,-10,-14,-25,-12,-18,-24,-11,-18,-25,-11,-15,-24,-12,-16
swipeleft(12), -10,-7,-33,-14,2,-29,-19,17,-22,-22,19,-20,-16,31,-3,-7,-15,-12,-27,-24,-11,-25,-8,-17,-24,-12,-18,-25,-11,-15,-26,-11,-14,-25,-12,-16
swipeleft(11), -20,15,-19,-23,15,-18,-19,40,-12,-8,-25,-31,-35,-44,-7,-24,-16,-10,-25,-12,-17,-25,-12,-17,-25,-12,-14,-25,-13,-14,-25,-13,-15
swipeleft(13), -23,-14,-15,-22,-16,-14,-18,-23,-18,-12,-20,-24,-9,-13,-31,-8,-4,-33,-11,18,-28,-16,20,-23,-11,43,-14,12,-5,-34,-25,-39,-22,-18,-12,-18,-17,-14,-27
swipeleft(12), -9,-7,-35,-13,-1,-29,-15,3,-28,-18,13,-25,-12,34,-13,-5,-9,-35,-22,-35,-19,-19,-13,-18,-19,-11,-21,-19,-14,-23,-19,-13,-22,-19,-13,-20
swipeleft(11), -18,-18,-21,-16,-17,-22,-11,-13,-29,-7,-8,-37,-13,6,-28,-19,7,-21,-19,14,-22,-11,27,-19,-4,4,-40,-22,-23,-20,-16,-13,-23
swipeleft(11), -10,-13,-31,-10,-7,-34,-12,4,-30,-18,13,-21,-19,17,-20,-7,9,-40,-11,-29,-25,-20,-15,-18,-20,-8,-23,-20,-10,-22,-20,-9,-23
swipeleft(12), -16,-7,-26,-18,3,-23,-21,12,-20,-19,16,-23,-8,46,-15,-7,-5,-28,-26,-23,-23,-19,-6,-21,-20,-8,-25,-21,-11,-21,-22,-9,-21,-21,-10,-20
swipeleft(11), -18,14,-22,-20,21,-19,-15,32,-13,-7,-12,-37,-26,-33,-16,-22,-11,-17,-21,-8,-22,-21,-11,-23,-22,-12,-20,-23,-13,-17,-23,-13,-17
swipeleft(12), -14,-3,-27,-19,8,-23,-21,18,-20,-20,38,-13,0,-16,-40,-30,-44,-18,-20,-10,-17,-22,-8,-23,-22,-11,-20,-23,-11,-18,-24,-12,-17,-20,-13,-22
swipeleft(11), -18,-17,-21,-15,-17,-28,-13,-6,-31,-17,6,-26,-21,16,-17,-22,14,-18,-18,24,-23,-6,-7,-38,-21,-32,-7,-23,-15,-17,-20,-5,-24
swipeleft(11), -19,9,-23,-18,21,-25,-9,28,-21,-10,-20,-25,-24,-35,-20,-20,-13,-21,-19,-11,-23,-20,-10,-21,-21,-10,-20,-21,-12,-21,-20,-13,-22
swipeleft(11), -14,-13,-28,-14,0,-28,-20,19,-22,-18,18,-24,-10,15,-34,-1,-24,-8,-24,-19,-13,-19,-8,-25,-21,-9,-23,-21,-9,-21,-21,-10,-22
swipeleft(14), -21,-11,-19,-20,-12,-20,-17,-15,-27,-15,-16,-24,-11,-15,-30,-13,1,-29,-18,3,-26,-19,19,-24,-18,41,-11,-3,-31,-41,-30,-42,-16,-19,-13,-18,-22,-10,-21,-22,-12,-20
swipeleft(11), -19,11,-21,-19,13,-22,-17,30,-20,-8,-4,-35,-22,-36,-13,-22,-19,-13,-23,-10,-20,-22,-9,-21,-22,-10,-21,-23,-11,-19,-22,-10,-20
swipeleft(11), -19,16,-22,-21,17,-17,-17,44,-13,-6,-23,-41,-33,-37,-16,-22,-8,-18,-23,-6,-22,-23,-7,-20,-24,-7,-19,-24,-8,-19,-24,-8,-18
swipeleft(11), -13,0,-30,-17,10,-24,-21,18,-19,-18,33,-16,-7,4,-39,-18,-40,-22,-23,-19,-12,-23,-10,-19,-23,-9,-20,-23,-9,-20,-23,-9,-20
swipeleft(12), -17,-14,-24,-15,-13,-23,-12,-12,-29,-10,-5,-30,-12,0,-30,-14,7,-29,-14,26,-24,5,-4,-50,-16,-41,-21,-17,-18,-20,-17,-11,-25,-18,-14,-22
swipeleft(11), -18,-14,-22,-17,-16,-21,-14,-17,-25,-13,-13,-28,-15,-6,-26,-15,0,-27,-16,6,-26,-7,38,-19,-2,1,-43,-20,-33,-22,-18,-18,-20
swipeleft(12), -15,-5,-27,-17,1,-25,-18,11,-22,-18,34,-14,6,7,-53,-16,-40,-25,-21,-13,-18,-19,-10,-24,-20,-8,-23,-19,-7,-23,-19,-8,-23,-18,-8,-26
swipeleft(12), -17,-6,-25,-19,-4,-23,-19,0,-23,-18,11,-25,-18,10,-25,-18,33,-15,1,-2,-40,-22,-45,-30,-20,-12,-15,-20,-11,-24,-19,-13,-23,-19,-11,-22
swipeleft(12), -12,-9,-29,-15,-4,-27,-18,6,-18,-12,11,-29,-15,11,-26,-15,12,-26,-12,46,-16,3,-4,-33,-28,-53,-24,-18,-8,-21,-19,-6,-28,-19,-8,-24
swipeleft(11), -15,19,-25,-17,10,-24,-17,14,-25,-15,29,-20,-7,2,-33,-13,-37,-28,-21,-16,-16,-21,-8,-22,-22,-7,-22,-22,-7,-22,-22,-8,-22
swipeleft(13), -13,-25,-18,-14,-22,-21,-13,-10,-26,-15,11,-26,-17,15,-23,-18,14,-22,-18,31,-19,-2,8,-33,-5,-29,-28,-22,-19,-19,-21,-6,-21,-21,-7,-24,-21,-9,-23
swipeleft(12), -14,-13,-26,-16,-5,-26,-18,15,-25,-17,11,-27,-18,30,-18,-8,-1,-36,-13,-31,-25,-22,-12,-20,-22,-5,-23,-20,-7,-23,-21,-7,-22,-21,-4,-22
swipeleft(11), -17,12,-25,-20,8,-22,-18,31,-23,-12,0,-32,-19,-34,-25,-23,-13,-15,-21,-7,-23,-21,-11,-24,-22,-9,-21,-22,-12,-20,-21,-11,-22
swipeleft(11), -16,-16,-23,-16,-11,-26,-18,0,-24,-18,10,-25,-19,6,-24,-18,15,-27,-8,26,-21,-4,-9,-26,-24,-23,-19,-20,-7,-20,-21,-6,-23
swipeleft(12), -14,-14,-28,-18,-9,-22,-19,-2,-23,-19,6,-26,-18,6,-29,-15,26,-19,-6,-6,-30,-27,-22,-14,-20,-9,-20,-22,-9,-23,-22,-8,-21,-21,-8,-23
swipeleft(12), -15,-8,-27,-19,1,-24,-20,7,-23,-19,11,-26,-16,30,-16,-1,-12,-30,-25,-22,-19,-20,-4,-21,-21,-8,-23,-21,-9,-22,-22,-8,-22,-22,-8,-22
swipeleft(11), -20,5,-23,-20,7,-24,-18,30,-22,-7,-3,-38,-24,-45,-21,-22,-12,-16,-21,-5,-24,-21,-8,-22,-22,-10,-20,-21,-8,-22,-21,-8,-22
swipeleft(11), -15,-8,-28,-16,-2,-26,-19,2,-24,-19,7,-26,-17,17,-29,-15,-3,-27,-13,-28,-27,-24,-17,-14,-20,-7,-23,-22,-12,-21,-22,-11,-21
swipeleft(12), -18,1,-23,-21,6,-21,-21,9,-23,-16,25,-27,-11,0,-37,-23,-39,-14,-22,-12,-18,-21,-10,-22,-22,-10,-21,-22,-10,-21,-22,-9,-21,-22,-10,-20
swipeleft(12), -13,-4,-30,-17,6,-22,-22,13,-19,-21,12,-22,-17,32,-17,-8,0,-32,-25,-28,-19,-22,-13,-18,-23,-7,-21,-23,-8,-21,-23,-8,-20,-23,-8,-20
swipeleft(12), -14,-3,-27,-19,4,-23,-22,11,-20,-19,32,-23,-1,-15,-39,-22,-35,-19,-21,-15,-18,-23,-10,-20,-23,-10,-19,-23,-10,-19,-23,-9,-19,-23,-9,-20
swipeleft(11), -21,-9,-21,-20,-11,-21,-17,-16,-24,-13,-15,-27,-10,-15,-30,-14,-5,-28,-15,6,-27,-18,25,-23,-11,16,-38,-10,-24,-21,-24,-17,-19
swipeleft(11), -15,3,-28,-17,16,-26,-14,37,-21,-12,-21,-29,-31,-26,-14,-23,-7,-18,-23,-6,-23,-22,-9,-22,-23,-8,-19,-22,-7,-22,-23,-9,-20
swipeleft(11), -14,9,-27,-17,17,-23,-15,36,-20,-6,-1,-25,-29,-25,-18,-21,-9,-20,-23,-3,-25,-23,-8,-22,-23,-7,-22,-23,-8,-20,-23,-8,-20
swipeleft(11), -15,-2,-27,-19,9,-24,-16,40,-18,-4,-14,-40,-31,-43,-12,-22,-10,-16,-23,-6,-23,-23,-11,-20,-23,-9,-19,-22,-9,-20,-23,-10,-20
swipeleft(11), -22,-11,-17,-21,-11,-19,-17,-12,-24,-11,-9,-33,-11,-12,-33,-16,-2,-26,-21,8,-20,-20,33,-11,-6,-8,-49,-22,-26,-18,-22,-16,-17
swipeleft(11), -21,-13,-21,-19,-14,-21,-14,-13,-27,-12,-9,-33,-15,-1,-28,-17,7,-28,-17,11,-23,-7,11,-43,-25,-30,-15,-21,-9,-20,-21,-6,-25
swipeleft(12), -19,-12,-23,-18,-13,-23,-13,-13,-24,-10,-12,-32,-11,-1,-32,-13,12,-30,-16,33,-18,0,-10,-45,-24,-45,-24,-20,-13,-17,-19,-7,-25,-19,-11,-23
swipeleft(12), -19,-12,-22,-17,-13,-24,-11,-9,-32,-13,-7,-29,-15,0,-30,-17,10,-25,-17,33,-12,-10,-4,-39,-27,-25,-20,-20,-6,-19,-21,-5,-26,-20,-9,-25
swipeleft(11), -9,3,-31,-12,15,-33,-16,30,-16,-5,0,-34,-20,-31,-32,-22,-18,-14,-24,-13,-15,-23,-10,-20,-22,-8,-22,-23,-8,-20,-22,-9,-20
swipeleft(12), -19,-8,-24,-19,-9,-25,-15,-12,-28,-14,-16,-27,-17,-5,-23,-17,7,-25,-19,30,-20,-6,10,-28,-12,-28,-19,-24,-16,-16,-21,-7,-22,-20,-8,-25
swipeleft(13), -20,-10,-22,-19,-11,-22,-17,-14,-24,-13,-8,-30,-11,-10,-33,-14,5,-27,-18,16,-23,-17,32,-15,-10,-12,-30,-27,-25,-14,-18,-7,-23,-22,-6,-25,-22,-7,-21
swipeleft(12), -18,-10,-26,-15,-11,-29,-11,-12,-31,-12,-4,-30,-14,4,-29,-18,24,-22,-19,23,-14,-12,-7,-31,-25,-29,-26,-20,-7,-20,-22,-5,-21,-21,-9,-22
swipeleft(12), -20,-9,-23,-20,-9,-23,-18,-10,-26,-15,-12,-28,-14,-9,-29,-18,-3,-22,-18,22,-23,-18,34,-16,-7,-15,-46,-28,-30,-19,-20,-6,-20,-22,-3,-24
swipeleft(11), -19,5,-22,-20,15,-23,-14,29,-15,-7,-7,-29,-26,-21,-14,-20,-5,-19,-22,-10,-22,-21,-11,-22,-21,-9,-22,-22,-9,-21,-21,-10,-21
swipeleft(13), -17,-13,-26,-13,-17,-29,-14,-8,-26,-16,0,-25,-19,21,-22,-14,35,-14,-10,-9,-32,-26,-24,-18,-20,-5,-21,-22,-8,-23,-21,-10,-23,-22,-10,-20,-21,-9,-21
swipeleft(11), -18,7,-24,-20,19,-20,-16,20,-17,-7,-8,-24,-25,-26,-18,-22,-9,-17,-22,-8,-22,-22,-10,-22,-22,-10,-21,-22,-9,-20,-22,-10,-21
swipeleft(12), -11,-12,-33,-15,0,-28,-19,9,-26,-16,37,-19,-2,-19,-43,-27,-33,-14,-18,-5,-21,-20,-8,-28,-20,-8,-23,-21,-9,-21,-21,-9,-22,-21,-10,-21
swipeleft(11), -20,5,-21,-22,19,-19,-16,31,-12,-7,-9,-34,-26,-30,-16,-21,-9,-19,-21,-11,-24,-22,-10,-19,-22,-10,-20,-22,-12,-20,-21,-11,-21
swipeleft(13), -20,-14,-20,-19,-14,-22,-15,-16,-23,-12,-3,-34,-12,-5,-32,-16,5,-27,-21,9,-21,-20,26,-24,-17,6,-33,-22,-34,-20,-26,-7,-14,-22,-6,-23,-25,-9,-20
swipeleft(12), -10,-9,-35,-13,-6,-26,-16,6,-29,-19,11,-22,-20,7,-24,-10,28,-25,-2,3,-28,-25,-30,-14,-21,-11,-18,-21,-12,-23,-21,-9,-22,-22,-9,-18
swipeleft(12), -21,-13,-20,-20,-13,-22,-13,-17,-27,-11,-14,-32,-16,0,-28,-19,5,-23,-20,11,-24,-15,26,-17,-3,5,-32,-23,-24,-20,-20,-7,-21,-21,-6,-23
swipeleft(12), -20,-9,-21,-18,-10,-21,-16,-14,-26,-10,-12,-35,-13,-10,-30,-15,0,-28,-22,7,-20,-16,26,-14,-12,-6,-35,-21,-25,-29,-19,-8,-19,-20,-5,-24
swipeleft(12), -19,-8,-23,-19,-9,-22,-17,-12,-28,-13,-9,-28,-10,-13,-33,-15,0,-26,-16,6,-26,-17,29,-23,-2,-10,-41,-19,-33,-26,-20,-11,-19,-21,-6,-22
swipeleft(12), -19,-12,-24,-16,-9,-27,-13,-3,-31,-12,-12,-27,-14,-4,-30,-15,6,-30,-14,30,-14,2,4,-38,-22,-31,-21,-18,-5,-22,-19,-7,-25,-19,-15,-24
swipeleft(13), -18,-13,-22,-18,-12,-22,-14,-10,-29,-10,-9,-33,-14,-19,-26,-14,-6,-28,-19,17,-20,-18,19,-23,-5,3,-28,-12,-15,-37,-22,-18,-13,-19,-7,-24,-20,-8,-23
swipeleft(11), -17,-14,-25,-13,-10,-27,-11,-13,-32,-13,-10,-26,-15,9,-27,-17,19,-27,-10,-5,-26,-6,-14,-34,-20,-16,-19,-20,-9,-22,-21,-10,-22
swipeleft(12), -20,-10,-24,-20,-8,-23,-20,-8,-18,-16,-13,-25,-10,-13,-32,-7,-16,-31,-8,0,-33,-14,21,-28,-18,16,-14,-4,7,-38,-22,-24,-25,-18,-9,-23
swipeleft(12), -18,-7,-24,-18,-8,-25,-17,-16,-24,-14,-21,-23,-9,-17,-29,-12,-6,-29,-14,26,-26,-14,23,-22,-10,0,-35,-18,-34,-18,-20,-14,-19,-19,-4,-26
swipeleft(11), -19,11,-23,-20,9,-21,-19,40,-14,-8,-1,-36,-24,-47,-24,-22,-11,-15,-21,-4,-24,-23,-10,-20,-22,-9,-21,-23,-8,-20,-23,-8,-21
swipeleft(12), -10,-3,-30,-13,9,-31,-16,12,-26,-13,36,-27,-7,-1,-27,-21,-42,-30,-19,-7,-21,-19,-5,-26,-19,-9,-24,-21,-9,-21,-21,-9,-21,-20,-10,-23
swipeleft(11), -14,12,-29,-16,13,-26,-13,37,-26,-12,-8,-26,-22,-44,-28,-22,-7,-17,-20,-4,-26,-21,-9,-23,-22,-9,-20,-22,-11,-20,-21,-10,-21
swipeleft(12), -21,-11,-21,-18,-10,-23,-12,-10,-28,-9,-10,-34,-10,-2,-32,-12,7,-31,-15,13,-31,-12,36,-21,6,0,-30,-30,-41,-16,-20,-6,-20,-24,-6,-20
swipeleft(11), -16,3,-30,-18,10,-27,-11,23,-23,1,4,-37,-28,-40,-7,-23,-11,-19,-23,-11,-20,-23,-12,-19,-23,-10,-19,-23,-12,-18,-23,-11,-18
swipeleft(13), -14,0,-31,-18,2,-25,-22,2,-21,-20,20,-32,-13,-34,2,-5,-12,-30,-25,-29,-10,-22,-11,-20,-23,-9,-20,-24,-9,-16,-23,-15,-18,-23,-11,-19,-23,-12,-18
swipeleft(11), -16,0,-29,-19,5,-23,-21,37,-23,-3,-13,-33,-28,-46,-20,-23,-14,-12,-24,-8,-18,-24,-15,-17,-23,-12,-18,-24,-12,-16,-24,-12,-16
swipeleft(11), -17,5,-24,-20,8,-25,-16,34,-24,-6,-9,-28,-29,-38,-11,-25,-11,-13,-25,-6,-18,-25,-8,-18,-26,-10,-17,-26,-9,-16,-26,-9,-16
swipeleft(11), -15,-8,-26,-17,5,-27,-21,12,-23,-12,13,-22,-2,-21,-35,-26,-20,-11,-23,-4,-17,-25,-8,-19,-23,-12,-21,-24,-10,-18,-24,-9,-18
swipeleft(12), -18,-7,-26,-19,1,-25,-22,7,-21,-19,24,-24,-19,-2,-28,-23,-33,-16,-24,-10,-14,-24,-8,-18,-23,-9,-20,-24,-10,-19,-24,-9,-18,-24,-10,-18
swipeleft(13), -23,-9,-18,-22,-11,-19,-17,-12,-26,-14,-16,-29,-14,-10,-28,-16,8,-30,-19,7,-26,-19,31,-18,-12,-13,-29,-26,-37,-14,-24,-9,-15,-24,-11,-19,-24,-11,-18
>
