Left Hand, Seated, Watch Face on Top of Wrist, raise palm up twice quickly

upup(17), 2,-4,-32,2,-4,-33,6,-7,-35,5,-4,-35,-2,-3,-28,-8,-9,-20,-4,-37,-11,-7,-65,19,-2,2,-1,-26,45,-12,-15,-11,-2,-21,-82,24,-8,-28,3,-11,43,-11,-31,0,-11,-26,-15,-15,-24,-17,-7
upup(17), -8,-27,-13,-8,-27,-12,-11,-31,-2,-10,-62,20,-4,-21,1,-20,29,-17,-21,4,-11,-12,-43,21,-18,-60,16,-6,-3,-7,-32,27,-18,-28,-5,-12,-21,-16,-12,-21,-22,-8,-19,-27,-5,-18,-28,-4,-16,-28,-3
upup(15), -14,-29,-2,-13,-30,-1,-11,-42,5,-16,-44,10,-10,3,-11,-28,11,-13,-17,-26,1,-22,-57,9,-12,-8,-10,-31,8,-14,-26,-12,-8,-19,-20,-7,-17,-33,-6,-15,-30,-4,-16,-28,-4
upup(16), -13,-29,-3,-12,-32,-2,-12,-57,10,-7,-14,-6,-22,19,-13,-23,-30,0,-23,-69,13,-4,-12,-10,-29,17,-15,-27,-4,-9,-18,-16,-7,-15,-34,0,-14,-36,1,-14,-33,0,-14,-28,-1,-14,-28,-2
upup(16), -14,-29,-1,-13,-29,-1,-12,-53,16,-10,-10,-3,-21,13,-15,-13,-37,12,-18,-58,11,0,10,-14,-37,0,-13,-22,-9,-9,-17,-26,-3,-16,-35,0,-15,-34,0,-15,-29,-1,-14,-28,-2,-13,-28,-1
upup(16), -13,-29,-1,-12,-31,0,-11,-36,1,-17,-49,11,-11,4,-11,-25,-12,-6,-14,-51,19,-16,-42,7,-10,20,-17,-32,-6,-9,-17,-16,-7,-16,-34,0,-15,-36,0,-15,-29,0,-15,-27,-2,-15,-28,-1
upup(15), -13,-28,0,-12,-28,-1,-13,-44,13,-13,-37,7,-17,20,-18,-21,-2,-11,-6,-46,13,-17,-52,11,-10,4,-14,-31,13,-13,-21,-16,-5,-17,-34,-4,-15,-33,-3,-15,-29,-3,-14,-28,-3
upup(17), -13,-28,-4,-12,-29,-3,-11,-31,0,-10,-49,13,-11,-29,4,-21,14,-14,-21,-18,-6,-17,-63,21,-11,-29,0,-23,16,-16,-24,-9,-7,-15,-28,0,-15,-32,2,-13,-32,2,-12,-30,1,-11,-30,0,-11,-30,0
upup(15), -11,-29,0,-11,-29,0,-10,-33,1,-16,-58,15,-4,3,-12,-24,12,-11,-10,-47,13,-17,-51,8,-7,15,-11,-32,-8,-11,-13,-25,-2,-14,-36,0,-12,-35,0,-11,-33,0,-11,-30,-1
upup(16), -9,-31,-1,-9,-31,0,-7,-53,13,-5,-28,2,-14,26,-14,-20,-13,-3,-4,-60,27,-9,-49,12,-6,7,-13,-28,9,-15,-15,-25,-2,-13,-39,0,-12,-36,1,-11,-31,0,-11,-29,-1,-9,-31,-1
upup(17), -9,-31,-1,-9,-31,0,-9,-37,1,-11,-60,17,0,0,-9,-31,24,-9,-12,-25,1,-13,-74,25,-7,-34,7,-17,22,-11,-26,-6,-7,-13,-29,1,-14,-37,1,-12,-32,0,-11,-30,0,-10,-31,0,-10,-30,1
upup(17), -10,-30,1,-10,-30,1,-9,-35,1,-9,-57,16,-4,-10,-2,-25,39,-12,-9,-33,4,-13,-78,21,-6,-25,4,-22,23,-9,-25,-9,-5,-13,-29,-1,-13,-38,0,-12,-32,0,-11,-30,0,-10,-30,1,-10,-32,1
upup(17), -10,-30,1,-10,-32,1,-9,-38,3,-11,-57,15,-3,0,-7,-30,27,-10,-7,-27,5,-12,-78,16,-6,-30,4,-20,15,-9,-25,-6,-6,-11,-31,0,-12,-40,2,-12,-30,1,-10,-30,0,-9,-31,1,-8,-33,2
upup(17), -8,-33,2,-9,-32,1,-10,-29,0,-9,-30,0,-11,-63,19,0,-8,-3,-25,31,-12,-9,-32,4,-14,-72,20,-7,-33,9,-15,17,-11,-29,1,-7,-13,-24,0,-13,-39,3,-11,-36,2,-10,-32,0,-10,-31,0
upup(17), -10,-30,0,-10,-28,0,-8,-31,0,-9,-53,14,-7,-32,2,-16,10,-8,-23,-1,-5,-1,-48,5,-11,-65,8,-2,-2,-4,-34,19,-10,-19,-16,-7,-8,-32,-4,-11,-40,0,-10,-35,2,-10,-29,0,-10,-31,-1
upup(17), -10,-29,0,-10,-29,0,-9,-32,1,-10,-59,16,-2,-15,0,-25,33,-13,-12,-33,4,-16,-75,23,-3,-23,1,-20,24,-12,-27,-9,-8,-12,-26,-4,-13,-37,0,-11,-35,0,-11,-31,1,-9,-31,1,-9,-32,1
upup(14), -9,-32,1,-8,-32,1,-6,-46,12,-10,-38,6,-21,35,-19,-13,-26,0,-13,-74,28,-5,-33,4,-16,4,-12,-27,-2,-11,-15,-21,-5,-13,-36,-1,-11,-37,0,-10,-32,1
upup(16), -8,-32,0,-7,-34,1,-6,-56,17,-3,-12,-6,-24,31,-15,-16,-33,4,-17,-65,20,-8,-28,-2,-19,11,-10,-26,-12,-4,-12,-30,0,-14,-35,0,-11,-34,0,-10,-32,1,-9,-31,2,-8,-32,1
upup(16), -8,-32,1,-7,-32,1,-6,-48,11,-9,-36,4,-11,30,-15,-20,-12,-3,-2,-69,21,-8,-46,7,-10,1,-12,-31,3,-9,-19,-19,-2,-13,-37,0,-13,-35,1,-11,-31,0,-8,-33,0,-7,-33,0
upup(15), -7,-31,0,-7,-31,0,-7,-42,6,-12,-50,8,-2,22,-15,-25,-5,-5,-1,-54,24,-11,-53,13,-7,0,-12,-32,12,-10,-20,-17,-5,-13,-35,0,-12,-35,0,-10,-34,1,-10,-32,0
upup(17), -10,-29,0,-10,-29,0,-5,-49,13,-7,-37,1,-13,26,-15,-19,-8,-5,0,-65,23,-9,-46,9,-8,0,-10,-31,3,-9,-18,-19,-4,-12,-34,0,-12,-38,1,-10,-35,0,-10,-32,0,-9,-31,-3,-9,-30,-3
upup(18), -9,-30,-3,-9,-30,-2,-8,-36,1,-11,-58,20,0,0,-10,-30,28,-10,-12,-30,7,-14,-70,22,-7,-30,3,-17,8,-10,-28,-5,-7,-12,-25,-1,-13,-40,4,-13,-33,3,-11,-29,0,-11,-29,0,-10,-31,1,-9,-31,0
upup(16), -9,-31,2,-8,-33,2,-7,-48,14,-7,-28,2,-17,22,-15,-16,-19,-2,-1,-68,26,-8,-44,10,-7,11,-12,-30,-9,-8,-15,-30,0,-18,-28,-1,-14,-29,0,-11,-34,2,-11,-33,4,-11,-30,1
upup(17), -10,-30,1,-8,-30,0,-9,-39,3,-13,-51,14,-4,-14,-4,-27,32,-14,-15,-23,0,-15,-66,26,-11,-40,6,-14,0,-12,-29,2,-13,-19,-17,-6,-15,-33,0,-13,-33,3,-12,-32,2,-11,-31,1,-10,-32,0
upup(16), -10,-29,0,-9,-27,0,-5,-45,8,-8,-51,7,-2,6,-8,-28,16,-11,-8,-34,3,-15,-72,16,-8,-27,0,-20,14,-12,-23,-10,-6,-8,-38,0,-11,-37,2,-10,-32,0,-10,-30,0,-9,-31,0
upup(13), -9,-31,0,-9,-32,0,-10,-49,9,-9,-24,-1,-16,0,-9,-9,-46,13,-15,-45,8,-12,-3,-11,-24,-12,-10,-13,-27,-3,-13,-35,0,-13,-31,0,-11,-30,0
upup(14), -10,-30,-1,-10,-29,-1,-8,-37,2,-14,-46,8,-10,-4,-11,-19,-11,-10,-12,-56,20,-11,-35,0,-15,7,-11,-25,-17,-8,-13,-29,-3,-13,-32,-1,-10,-35,0,-10,-32,0
upup(13), -9,-31,-3,-9,-31,-1,-8,-50,7,-8,-23,-4,-20,5,-12,-10,-39,7,-14,-52,2,-10,-8,-10,-22,-8,-8,-12,-30,-1,-11,-34,0,-11,-34,-1,-10,-32,-1
upup(16), -10,-30,-2,-10,-31,-2,-9,-45,9,-11,-26,-2,-18,4,-14,-13,-24,-4,-12,-69,17,-8,-27,0,-18,9,-13,-19,-18,-6,-7,-43,2,-12,-36,2,-10,-29,1,-10,-30,0,-10,-31,0,-10,-30,1
upup(15), -10,-30,1,-9,-30,0,-9,-33,1,-11,-51,9,-7,-14,-8,-18,14,-13,-5,-41,7,-14,-57,15,-7,-3,-8,-21,-4,-5,-10,-41,7,-12,-36,4,-13,-26,0,-12,-28,0,-10,-32,-2
upup(15), -10,-30,0,-9,-31,0,-8,-47,11,-8,-29,-1,-15,11,-12,-12,-31,-4,-13,-70,17,-5,-14,-5,-21,3,-8,-12,-33,0,-13,-35,1,-12,-31,1,-11,-32,2,-11,-30,0,-11,-30,0
upup(15), -11,-30,0,-10,-30,0,-8,-46,10,-9,-36,1,-17,18,-10,-17,-25,0,-16,-69,21,-8,-28,7,-21,15,-17,-21,-12,-10,-12,-33,0,-11,-37,1,-11,-34,1,-10,-32,2,-10,-30,0
upup(15), -10,-30,0,-10,-30,0,-9,-36,1,-13,-51,13,-8,1,-10,-21,5,-12,-8,-50,28,-12,-44,5,-12,4,-13,-27,4,-10,-9,-28,3,-11,-47,8,-10,-34,2,-10,-29,0,-10,-29,0
upup(16), -10,-28,0,-10,-31,1,-9,-52,12,-7,-22,0,-23,23,-8,-15,-31,4,-16,-73,14,-5,-18,-1,-27,21,-12,-22,-16,-4,-12,-36,0,-13,-35,-1,-10,-35,-1,-9,-30,-3,-10,-30,-7,-10,-29,-2
upup(15), -10,-30,-7,-10,-29,-2,-9,-30,0,-9,-36,1,-12,-50,12,-9,-7,-6,-21,11,-15,-9,-42,17,-15,-48,5,-12,3,-10,-28,-6,-7,-12,-31,0,-13,-34,0,-12,-31,1,-11,-31,2
upup(15), -11,-30,1,-10,-29,0,-9,-33,2,-11,-54,17,-5,-6,-11,-22,11,-8,-8,-49,18,-15,-51,11,-9,1,-11,-25,-3,-9,-10,-35,3,-12,-36,2,-12,-29,0,-11,-30,1,-11,-32,1
upup(14), -11,-29,0,-10,-29,0,-10,-34,2,-14,-53,13,-6,-8,-6,-22,10,-10,-7,-44,19,-13,-51,6,-10,0,-8,-26,4,-8,-10,-36,3,-10,-40,2,-10,-32,1,-9,-30,1
upup(16), -10,-30,0,-9,-30,0,-8,-47,14,-10,-33,3,-15,10,-10,-20,-11,-5,-6,-68,22,-8,-34,-1,-16,8,-12,-22,-16,-6,-7,-40,2,-12,-35,3,-10,-32,1,-10,-30,0,-10,-31,0,-10,-30,0
upup(15), -10,-30,0,-9,-30,1,-8,-41,8,-11,-47,7,-9,8,-10,-26,0,-8,-6,-54,16,-15,-49,6,-11,0,-11,-31,5,-11,-18,-18,-7,-12,-34,-3,-12,-33,0,-12,-33,3,-11,-31,0
upup(15), -9,-31,0,-9,-32,0,-9,-37,4,-13,-48,11,-8,-5,-9,-22,8,-10,-10,-40,4,-17,-54,8,-10,-8,-8,-27,8,-13,-20,-16,-4,-10,-35,0,-12,-36,2,-10,-34,2,-10,-31,0
upup(14), -10,-29,0,-9,-31,0,-7,-43,6,-12,-40,4,-13,1,-10,-22,-6,-5,-4,-54,19,-13,-45,7,-9,1,-14,-28,-3,-9,-13,-32,0,-11,-36,1,-11,-35,3,-10,-32,3
upup(17), -11,-35,3,-10,-32,3,-10,-30,0,-9,-30,0,-9,-31,0,-10,-29,0,-9,-32,3,-10,-46,14,-9,-32,-1,-14,27,-15,-17,-35,1,-18,-59,18,-11,-26,-3,-20,8,-11,-21,-19,-3,-8,-39,3,-12,-38,4
upup(15), -11,-28,0,-10,-36,4,-13,-48,9,-9,-9,-9,-22,3,-7,-12,-34,9,-19,-53,12,-10,-10,-10,-27,-1,-6,-12,-29,0,-11,-37,5,-12,-33,4,-11,-30,1,-11,-29,-1,-10,-30,-1
upup(16), -11,-29,0,-9,-31,0,-8,-50,11,-8,-32,0,-14,14,-11,-25,-26,0,-13,-56,18,-12,-32,-2,-19,8,-12,-24,-15,-3,-9,-38,3,-14,-38,4,-12,-29,0,-11,-29,0,-11,-30,0,-10,-30,-1
upup(14), -9,-30,-2,-9,-32,0,-7,-44,7,-10,-37,3,-14,8,-9,-22,-16,-3,-5,-54,21,-13,-40,5,-16,-3,-8,-26,-8,-6,-11,-33,0,-13,-36,2,-11,-31,0,-10,-31,0
upup(14), -10,-30,0,-10,-30,0,-7,-41,4,-13,-42,4,-11,5,-10,-25,0,-5,-8,-43,10,-18,-54,11,-10,-6,-9,-27,1,-7,-17,-25,0,-14,-37,1,-14,-31,0,-12,-30,0
upup(16), -11,-29,-1,-10,-31,0,-9,-47,10,-9,-29,-2,-16,9,-10,-22,-16,-2,-4,-58,16,-13,-37,1,-12,2,-11,-29,-12,-6,-14,-27,-4,-16,-34,0,-13,-32,0,-13,-31,0,-12,-30,0,-12,-30,-1
upup(16), -11,-30,0,-11,-31,0,-8,-47,11,-9,-31,-4,-12,10,-10,-28,-28,3,-15,-49,14,-16,-37,-2,-18,7,-12,-26,-9,-5,-8,-32,-2,-14,-40,3,-13,-30,1,-12,-29,0,-11,-31,0,-12,-30,0
upup(13), -11,-29,-1,-10,-29,-1,-8,-39,0,-13,-53,7,-11,0,-10,-26,6,-4,-11,-42,6,-18,-54,9,-12,-6,-9,-27,-1,-7,-18,-27,-1,-14,-35,2,-13,-33,1
upup(16), -11,-28,-1,-9,-40,4,-13,-46,8,-10,-5,-11,-27,8,-6,-15,-33,6,-17,-65,21,-7,-20,-8,-24,9,-7,-14,-30,0,-13,-44,7,-12,-32,1,-11,-28,-2,-11,-29,0,-11,-30,-1,-11,-30,-2
upup(17), -11,-30,-2,-10,-30,-1,-10,-36,1,-13,-53,14,-6,1,-18,-24,17,-8,-17,-39,8,-22,-55,19,-10,-10,-11,-27,16,-9,-19,-27,-2,-10,-42,0,-14,-32,3,-11,-32,3,-11,-30,0,-11,-29,0,-10,-30,0
upup(16), -10,-30,0,-10,-33,1,-10,-39,5,-15,-39,5,-12,0,-14,-25,9,-8,-10,-40,10,-21,-57,12,-13,-1,-9,-30,3,-7,-13,-23,0,-15,-43,10,-13,-32,2,-12,-27,-1,-13,-29,1,-12,-31,0
upup(17), -13,-29,1,-12,-31,0,-13,-28,0,-13,-29,2,-12,-34,3,-14,-47,15,-12,-5,-12,-22,10,-11,-6,-38,6,-18,-56,13,-10,0,-11,-28,8,-9,-15,-26,-3,-12,-41,4,-12,-33,0,-11,-29,-1,-11,-30,-1
upup(15), -12,-29,0,-11,-28,0,-10,-32,0,-8,-46,9,-11,-36,2,-15,5,-13,-22,3,-9,-6,-41,12,-17,-53,6,-11,0,-11,-29,3,-8,-15,-28,-3,-14,-40,2,-12,-32,0,-13,-28,-1
upup(15), -13,-29,-1,-13,-28,-1,-11,-39,0,-15,-47,7,-13,-3,-13,-28,12,-8,-18,-35,3,-23,-59,13,-12,-21,-8,-23,8,-8,-23,-20,-5,-13,-32,-3,-16,-33,0,-14,-28,-1,-14,-28,-1
upup(15), -13,-28,-1,-12,-27,0,-10,-40,4,-14,-51,6,-9,6,-9,-29,3,-6,-10,-38,7,-21,-53,12,-12,-2,-11,-27,10,-13,-20,-23,-7,-12,-32,-6,-15,-33,0,-13,-30,0,-13,-30,-1
upup(15), -13,-30,-1,-12,-30,0,-11,-48,13,-9,-26,-5,-17,9,-11,-22,-22,-3,-5,-53,13,-14,-35,0,-16,1,-11,-27,-8,-7,-13,-29,-3,-16,-34,1,-13,-31,0,-13,-30,0,-12,-30,0
upup(17), -13,-28,-1,-12,-28,-1,-10,-34,0,-12,-52,10,-7,-16,-8,-22,16,-14,-16,-30,0,-14,-62,18,-11,-31,-1,-17,7,-13,-24,-13,-8,-10,-32,0,-15,-38,2,-11,-31,0,-12,-29,-1,-11,-30,-2,-11,-30,-1
upup(14), -11,-30,-1,-10,-31,-1,-10,-42,4,-14,-43,6,-13,4,-10,-24,2,-8,-7,-42,9,-18,-59,14,-9,-7,-8,-26,10,-10,-20,-25,-3,-11,-36,2,-14,-35,2,-14,-27,-1
upup(16), -13,-28,-1,-12,-28,-1,-10,-40,2,-14,-50,6,-10,5,-10,-27,10,-4,-7,-41,16,-17,-65,20,-4,-7,-9,-28,18,-10,-25,-16,-4,-13,-29,-1,-16,-34,2,-12,-33,0,-13,-32,1,-13,-28,1
upup(14), -13,-28,0,-12,-28,1,-11,-35,4,-14,-48,9,-14,-1,-12,-23,-2,-3,-4,-48,20,-14,-45,5,-12,0,-10,-32,-5,-7,-20,-17,-3,-15,-29,0,-13,-37,4,-13,-32,1
upup(16), -13,-37,4,-13,-32,1,-14,-29,0,-14,-27,0,-14,-28,-1,-14,-29,0,-13,-28,1,-12,-53,20,-7,-14,-9,-20,22,-10,-20,-37,6,-20,-57,16,-11,-13,-11,-25,4,-10,-24,-20,-2,-17,-31,0
upup(15), -12,-29,0,-12,-28,0,-12,-32,4,-16,-54,15,-9,-2,-12,-26,13,-7,-10,-38,9,-16,-51,6,-9,3,-13,-31,-10,-2,-9,-27,-1,-12,-37,4,-11,-32,3,-9,-32,0,-9,-32,0
upup(16), -9,-29,-1,-9,-30,0,-7,-45,9,-10,-37,0,-11,13,-12,-23,-7,-4,2,-51,19,-14,-50,9,-8,3,-15,-31,0,-8,-19,-21,0,-11,-35,5,-12,-37,6,-9,-33,2,-10,-30,1,-10,-29,1
upup(16), -10,-29,1,-10,-29,0,-9,-34,2,-12,-56,17,-8,0,-13,-25,15,-8,-11,-44,14,-17,-49,7,-10,0,-14,-30,-2,-4,-13,-27,2,-12,-42,9,-12,-35,3,-11,-28,0,-12,-29,0,-11,-30,0
upup(13), -11,-30,0,-11,-30,0,-11,-36,3,-15,-47,7,-13,-1,-10,-21,0,-5,-1,-44,17,-15,-49,10,-10,0,-9,-26,-8,-2,-7,-36,7,-11,-40,7,-10,-32,2
upup(16), -11,-40,7,-10,-32,2,-11,-28,1,-11,-28,1,-10,-30,1,-9,-36,2,-10,-53,17,-5,-17,-4,-22,26,-13,-20,-41,7,-23,-57,12,-12,-11,-10,-27,4,-5,-14,-28,2,-12,-42,8,-12,-34,5
upup(15), -12,-29,0,-11,-40,7,-15,-45,6,-10,3,-10,-26,-4,-3,-2,-43,17,-17,-49,6,-8,7,-12,-32,-8,-4,-11,-33,3,-17,-39,8,-16,-29,5,-16,-25,2,-16,-26,1,-15,-28,2
upup(16), -15,-29,2,-15,-29,3,-15,-32,5,-19,-49,16,-11,0,-10,-28,6,-5,-14,-39,16,-22,-65,19,0,-2,-8,-40,-3,-3,-16,-29,4,-23,-34,4,-22,-20,1,-22,-18,2,-21,-23,4,-17,-29,4
upup(17), -21,-23,4,-17,-29,4,-15,-31,1,-15,-30,0,-15,-27,0,-15,-25,2,-13,-25,4,-10,-55,21,-1,-24,-3,-17,33,-11,-26,-24,3,-20,-64,23,-10,-15,-6,-30,13,-12,-22,-10,-6,-12,-32,5,-15,-39,8
upup(15), -15,-27,2,-15,-30,3,-14,-37,7,-17,-48,15,-9,0,-14,-29,14,-12,-11,-36,8,-24,-60,17,-11,-2,-12,-33,6,-10,-22,-17,-2,-18,-29,1,-18,-31,4,-17,-30,3,-17,-28,1
upup(16), -16,-27,1,-16,-25,1,-15,-30,3,-16,-53,20,-5,-10,-9,-28,20,-11,-13,-38,18,-20,-48,7,-13,5,-14,-28,-1,-10,-13,-30,2,-18,-38,7,-17,-30,4,-17,-25,2,-18,-25,0,-16,-27,0
upup(15), -16,-27,2,-16,-25,3,-15,-31,7,-19,-59,23,-3,8,-8,-29,-4,-10,-20,-57,35,-13,-22,-5,-28,13,-13,-26,-15,-1,-21,-26,2,-21,-29,5,-21,-25,2,-20,-25,-1,-20,-24,0
upup(14), -17,-27,2,-17,-26,2,-17,-40,11,-16,-42,10,-13,31,-11,-28,-14,-3,-24,-60,30,-15,-18,-6,-29,10,-11,-24,-15,-4,-19,-24,0,-19,-29,5,-18,-31,7,-17,-28,3
upup(16), -14,-30,4,-14,-32,2,-14,-36,5,-18,-29,11,-21,-16,4,-26,8,-15,-17,-10,-10,-16,-57,23,-12,-39,16,-14,7,-13,-31,11,-15,-22,-15,-3,-20,-31,5,-19,-33,2,-20,-25,0,-19,-25,0
upup(16), -19,-24,0,-18,-23,0,-16,-31,2,-21,-55,22,-8,1,-13,-28,16,-14,-14,-44,26,-16,-35,2,-21,9,-10,-28,-7,-6,-19,-26,-1,-21,-29,2,-22,-30,6,-22,-23,1,-22,-18,-3,-22,-21,-1
upup(15), -21,-24,0,-21,-22,0,-18,-15,0,-15,-44,14,-12,-50,14,-2,42,-14,-35,-19,1,-23,-57,20,-14,-3,-14,-32,4,-6,-21,-21,2,-21,-30,5,-18,-29,6,-17,-30,4,-17,-28,3
upup(16), -18,-26,2,-18,-25,3,-17,-33,6,-19,-52,16,-9,16,-12,-27,1,-6,-12,-73,38,-12,-30,2,-22,26,-13,-29,-9,-2,-16,-22,0,-19,-35,8,-17,-32,6,-18,-27,3,-18,-25,3,-18,-26,2
upup(14), -18,-26,2,-18,-28,3,-17,-38,10,-18,-36,5,-14,17,-13,-32,-11,0,-25,-52,27,-15,-17,-10,-29,19,-8,-22,-23,5,-22,-36,11,-20,-27,4,-20,-24,3,-19,-26,3
upup(15), -18,-26,3,-18,-24,2,-16,-40,13,-15,-36,3,-15,17,-10,-31,-12,0,-18,-61,26,-10,-18,-9,-28,21,-11,-25,-18,0,-20,-32,7,-20,-30,5,-19,-26,2,-19,-26,1,-19,-26,2
upup(15), -19,-24,2,-18,-27,2,-17,-34,5,-20,-45,14,-13,6,-12,-33,-9,0,-20,-52,29,-12,-17,-10,-30,17,-7,-22,-17,2,-18,-37,9,-17,-31,5,-17,-25,2,-17,-27,1,-16,-28,1
upup(15), -17,-28,2,-16,-27,3,-16,-33,5,-20,-46,17,-14,1,-13,-26,2,-6,-9,-50,22,-16,-37,5,-19,11,-9,-28,-4,-3,-13,-29,1,-14,-39,3,-14,-32,2,-14,-26,0,-6,-30,-2
>
