Snap(12), -3,-28,-15,-2,-29,-16,-1,-32,-15,-3,-42,-16,-9,-38,-12,-13,-25,-5,-20,-4,-1,-24,3,-8,-27,35,-64,-27,-26,5,-30,-4,-7,-24,-17,-3
Snap(11), -24,-17,-3,-26,-17,-2,-29,-23,-1,-29,-18,-5,-29,-17,-6,-28,-11,-9,-28,-6,-12,-51,14,-29,-21,-43,21,-27,-8,-3,-26,-19,-2
Snap(11), -27,-8,-3,-26,-19,-2,-28,-23,0,-28,-22,-1,-28,-18,-4,-27,-6,-9,-26,0,-11,-30,16,24,-18,-73,22,-21,-14,-7,-20,-23,-6
Snap(12), -22,-32,-5,-23,-34,-3,-24,-23,-5,-23,-6,-10,-21,29,-18,0,-38,-1,-24,-18,4,-26,-23,-5,-21,-22,-3,-22,-28,-1,-24,-30,0,-25,-32,-1
Snap(12), -24,-30,0,-25,-32,-1,-24,-27,-3,-23,-12,-8,-29,6,36,-23,-55,-3,-24,-17,-7,-24,-26,-6,-24,-20,-9,-23,-20,-7,-23,-22,-7,-24,-33,-8
Snap(12), -23,-22,-7,-24,-33,-8,-24,-16,-12,-23,2,-15,-18,11,-60,-19,-51,0,-19,-15,-14,-20,-25,-8,-19,-25,-16,-22,-26,-17,-22,-27,-14,-23,-20,-15
Snap(13), -22,-27,-14,-23,-20,-15,-23,-5,-15,-23,12,-14,-31,-4,1,-15,-47,13,-20,-13,-9,-17,-29,-2,-17,-34,-6,-19,-35,-9,-19,-35,-13,-19,-25,-11,-21,-13,-13
Snap(11), -19,-25,-11,-21,-13,-13,-22,-7,-14,-19,15,-19,-11,-75,4,-23,-10,-5,-19,-24,-7,-17,-26,-8,-20,-26,-9,-22,-30,-7,-22,-24,-8
Snap(13), -22,-30,-7,-22,-24,-8,-23,-19,-9,-22,-10,-13,-31,5,5,-19,-46,6,-15,-17,-4,-13,-36,1,-14,-34,0,-13,-41,-5,-15,-35,-5,-16,-14,-8,-18,-11,-6
Snap(11), -23,-20,-6,-24,-25,-8,-24,-15,-11,-24,-8,-11,-36,-11,1,-14,-55,6,-20,-26,-5,-19,-26,-5,-20,-29,-3,-23,-35,-4,-21,-21,-9
Snap(11), -23,-35,-4,-21,-21,-9,-23,-8,-11,-22,5,-11,-11,-9,31,-7,-76,19,-22,-24,-2,-16,-25,-5,-18,-27,-2,-21,-36,-2,-21,-25,-5
Snap(11), -22,-26,-6,-21,-27,-4,-23,-17,-6,-24,-11,-9,-23,-2,-11,-22,-12,19,-17,-47,9,-21,-26,-5,-18,-27,-6,-19,-30,0,-20,-30,-2
Snap(11), -20,-30,-2,-22,-30,-3,-22,-17,-8,-22,0,-10,-19,-8,-6,-16,-77,15,-24,-16,0,-18,-22,-4,-18,-28,-3,-22,-29,-2,-21,-35,-2
Snap(13), -22,-29,-2,-21,-35,-2,-22,-20,-6,-23,-3,-10,-20,13,-12,2,-16,-10,-17,-37,9,-18,-21,-5,-15,-26,0,-18,-29,2,-19,-40,-1,-20,-28,0,-22,-13,-3
Snap(13), -20,-28,0,-22,-13,-3,-21,-2,-10,-17,0,-8,-5,-84,11,-25,-20,6,-13,-16,-6,-16,-34,0,-21,-47,1,-18,-34,0,-19,-2,-5,-18,9,-16,-16,1,-19
Snap(16), -18,9,-16,-16,1,-19,-7,-53,3,-27,-19,1,-18,-16,-7,-13,-27,1,-20,-43,0,-22,-33,1,-19,-17,-4,-20,-1,-8,-19,9,-19,8,-17,-3,-21,-16,5,-16,-15,-4,-16,-33,1,-21,-45,5
Snap(17), -16,-33,1,-21,-45,5,-19,-26,0,-19,-3,-7,-21,1,-13,-5,-18,-28,-22,-18,5,-18,-11,-5,-22,-35,2,-20,-52,5,-17,-24,-5,-17,-12,-12,-34,-5,-12,-16,-40,1,-20,-15,-11,-17,-21,-12,-20,-32,-11
Snap(11), -20,-32,-11,-21,-29,-12,-22,-15,-12,-23,-9,-12,-22,4,-23,-4,-60,-1,-23,-19,-5,-23,-16,-8,-20,-19,-4,-21,-21,-5,-23,-36,-3
Snap(12), -21,-21,-5,-23,-36,-3,-22,-19,-7,-22,1,-14,4,-8,-22,-25,-8,8,-18,-20,-7,-21,-28,-2,-22,-37,-4,-22,-28,-1,-21,-15,-7,-23,-8,-8
Snap(11), -23,-29,-1,-22,-19,-5,-22,-8,-9,-39,-10,2,-16,-57,14,-21,-21,-5,-19,-20,-4,-21,-33,4,-22,-35,1,-21,-23,-3,-22,-10,-9
Snap(14), -21,-23,-3,-22,-10,-9,-37,7,-3,-17,-47,5,-22,-17,-7,-18,-24,-3,-21,-34,2,-22,-31,1,-21,-17,-4,-21,-5,-19,-8,7,-27,-24,-26,4,-21,-16,-10,-21,-26,-2
Snap(11), -21,-16,-10,-21,-26,-2,-22,-33,-1,-22,-24,-1,-22,-18,-5,-23,-14,-7,-21,5,26,-17,-34,18,-21,-17,-10,-20,-21,-4,-22,-32,2
Snap(12), -20,-21,-4,-22,-32,2,-23,-29,0,-21,-14,-7,-24,-2,-11,-38,-5,-6,-18,-47,9,-21,-13,-9,-19,-19,-5,-22,-33,0,-24,-30,0,-23,-18,-5
Snap(12), -23,-35,0,-22,-22,-4,-20,-8,-10,-21,0,-12,-42,-20,-5,-16,-40,6,-21,-16,-5,-16,-21,-4,-21,-29,1,-22,-35,0,-19,-17,-6,-21,-4,-9
Snap(16), -19,-17,-6,-21,-4,-9,-20,0,-3,-21,-80,9,-22,-13,-2,-16,-15,-8,-24,-32,1,-24,-33,2,-22,-19,-2,-21,-4,-10,-19,1,-17,-5,-34,0,-25,-11,8,-19,-15,-7,-21,-30,0,-25,-40,4
Snap(25), -21,-30,0,-25,-40,4,-23,-25,0,-20,-7,-11,-19,5,-23,-13,-59,5,-25,-9,4,-19,-12,-7,-19,-28,-1,-26,-40,7,-22,-27,0,-20,-9,-9,-20,-1,-15,-7,-12,-3,-25,-20,13,-20,-16,-6,-17,-20,0,-23,-35,10,-23,-34,5,-19,-11,-7,-20,5,-16,-32,-31,15,-18,-71,12,-21,-13,-4,-16,-19,-4
Snap(25), -21,-13,-4,-16,-19,-4,-24,-37,8,-19,-16,-2,-19,-3,-13,-44,4,-39,-23,-28,14,-20,-13,-9,-17,-18,-3,-24,-34,5,-24,-32,6,-19,-15,-4,-19,-2,-14,-16,-13,15,-12,-78,19,-22,-16,-1,-16,-18,-4,-22,-31,6,-23,-38,9,-19,-19,-2,-18,-4,-13,-17,-11,2,-14,-78,17,-24,-20,4,-16,-16,-7
Snap(12), -24,-20,4,-16,-16,-7,-23,-40,9,-19,-21,0,-19,-10,-8,-21,0,-18,-14,-78,20,-23,-17,-1,-18,-17,-10,-20,-30,2,-24,-34,8,-22,-21,0
Snap(16), -24,-34,8,-22,-21,0,-21,-6,-9,-16,-4,26,-16,-55,19,-26,-22,4,-20,-15,-8,-22,-32,8,-26,-33,12,-21,-23,2,-20,-5,-9,-21,-4,-14,-41,-17,-45,-24,-20,5,-20,-16,-4,-19,-22,-2
Snap(12), -20,-16,-4,-19,-22,-2,-23,-29,2,-21,-31,4,-20,-16,-3,-20,-7,-14,-10,-7,-29,-21,-27,13,-18,-15,-6,-18,-27,1,-22,-33,8,-23,-30,6
Snap(16), -22,-33,8,-23,-30,6,-20,-13,-5,-18,2,-20,-15,-26,-24,-20,-33,23,-18,-14,-2,-14,-24,3,-21,-35,7,-20,-40,12,-17,-22,2,-18,-6,-11,-21,-5,-2,-25,-74,5,-22,-19,0,-17,-17,-4
Snap(18), -22,-19,0,-17,-17,-4,-22,-31,0,-23,-35,2,-19,-22,-3,-21,-2,-11,-7,-44,-2,-22,-22,16,-18,-15,-7,-18,-26,3,-24,-42,11,-20,-25,2,-19,-15,-4,-19,4,-16,-38,-25,-43,-25,-18,11,-19,-15,-3,-17,-22,1
Snap(13), -19,-15,-3,-17,-22,1,-25,-38,8,-23,-30,7,-19,-14,-4,-17,0,-12,-14,-27,-11,-25,-23,9,-18,-15,-7,-21,-28,3,-26,-40,10,-22,-27,5,-20,-15,-4
Snap(15), -22,-27,5,-20,-15,-4,-20,4,-14,-9,-22,-31,-24,-20,14,-20,-15,-5,-19,-20,-1,-22,-36,12,-24,-30,5,-20,-14,-5,-21,-3,-7,-18,-1,-3,-14,-79,26,-26,-20,4,-20,-16,-3
Snap(15), -26,-20,4,-20,-16,-3,-25,-22,8,-28,-33,10,-23,-18,0,-29,1,-9,-32,27,5,-29,-50,15,-24,-9,8,-28,-5,-3,-28,-28,7,-26,-39,12,-24,-11,-3,-29,-6,-3,-25,2,-6
Snap(15), -29,-6,-3,-25,2,-6,-32,-58,11,-24,-5,1,-30,-4,-5,-29,-19,2,-28,-32,12,-26,-12,0,-29,-4,-4,-22,14,37,-27,-34,20,-28,-5,4,-29,-1,-3,-27,-25,6,-27,-33,15
Snap(20), -27,-25,6,-27,-33,15,-25,-14,-1,-29,-2,-6,-17,9,32,-27,-36,17,-28,-6,0,-27,-12,1,-25,-27,10,-25,-20,3,-29,-5,-2,-28,8,-11,-9,-14,13,-26,-15,15,-27,-6,-3,-27,-7,0,-25,-30,18,-24,-15,3,-28,0,-7,-28,6,-13
Snap(15), -28,0,-7,-28,6,-13,-2,1,4,-25,-13,14,-27,-7,-2,-27,-22,9,-25,-23,14,-24,-16,4,-29,-2,-5,-23,0,-7,-26,-58,15,-23,-12,10,-26,-10,-1,-27,-28,11,-24,-30,14
Snap(13), -27,-28,11,-24,-30,14,-25,-10,1,-27,-1,-3,-23,1,-3,-19,-33,-13,-23,-14,4,-26,-9,3,-24,-18,9,-25,-31,19,-22,-13,6,-27,-2,-4,-22,0,2
Snap(14), -27,-2,-4,-22,0,2,-16,-58,32,-19,-17,9,-25,-7,0,-24,-23,10,-25,-30,20,-23,-10,4,-27,-3,-3,-27,2,-8,-44,-23,-23,-25,-11,15,-27,-7,-3,-27,-7,1
Snap(20), -27,-7,-3,-27,-7,1,-27,-28,16,-26,-19,8,-27,-6,-1,-18,-6,26,-29,-44,18,-21,-11,7,-26,-5,-7,-29,-19,15,-27,-28,21,-25,-16,6,-30,-2,-1,-20,7,36,-28,-69,15,-27,-8,4,-27,-7,-2,-25,-23,2,-22,-25,0,-20,-24,-2



swipeleft(13), 0,-22,-23,0,-24,-25,0,-38,-21,-4,-29,-24,-3,-7,-25,1,13,-36,8,18,-33,-6,-9,-14,-5,-53,43,-25,-15,4,-25,-22,-6,-20,-25,-4,-20,-24,-7
swipeleft(14), -20,-24,-7,-19,-25,-7,-14,-28,-7,-12,-28,-12,-12,-29,-11,-10,-35,-16,-6,-29,-24,-1,-8,-29,1,5,-42,15,29,-33,0,-19,-13,-15,-47,19,-23,-17,-10,-19,-23,-14
swipeleft(12), -13,-29,-9,-12,-31,-13,-9,-30,-18,-7,-27,-26,-7,-13,-32,-5,-6,-34,1,15,-43,8,1,-12,0,-64,35,-25,-15,-11,-22,-19,-17,-20,-20,-16
swipeleft(11), -7,-40,-17,-4,-32,-22,-6,-9,-22,-7,0,-31,-4,8,-35,-7,-22,-29,-15,-45,4,-23,-12,-15,-21,-17,-16,-20,-16,-18,-20,-17,-20
swipeleft(11), -6,-5,-32,-6,6,-35,0,21,-14,-8,-36,-19,-19,-39,3,-24,-19,-16,-18,-22,-16,-20,-21,-15,-19,-22,-17,-19,-22,-15,-19,-20,-14
swipeleft(13), -16,-22,-15,-15,-25,-15,-15,-28,-14,-11,-28,-9,-7,-30,-22,-9,-4,-36,-8,3,-38,-1,32,-33,5,-11,-16,2,-72,26,-25,-13,-11,-20,-22,-16,-19,-25,-15
swipeleft(12), -8,-13,-32,-13,-3,-25,-13,4,-34,2,43,-18,27,-53,32,-16,-23,-3,-24,-18,-16,-19,-24,-15,-19,-24,-14,-18,-22,-14,-19,-22,-13,-18,-22,-15
swipeleft(12), -9,-29,-28,-8,-23,-30,-10,-8,-29,-13,-5,-25,-15,2,-29,-9,30,-33,-6,-23,-15,-3,-56,31,-21,-15,-10,-18,-25,-15,-17,-25,-13,-17,-22,-15
swipeleft(12), -6,-46,-8,-4,-46,-19,-3,-30,-22,-4,-6,-28,-3,6,-35,5,29,-14,7,-40,19,-25,-18,-3,-24,-14,-19,-21,-19,-15,-22,-20,-16,-22,-20,-17
swipeleft(12), -11,-33,-24,-6,-35,-30,-4,-22,-29,-4,-11,-28,-3,-3,-34,7,31,-42,9,-5,-14,-2,-63,21,-21,-11,-15,-20,-21,-18,-20,-22,-16,-19,-22,-17
swipeleft(12), -4,-28,-32,-6,-19,-29,-10,-12,-26,-15,-8,-26,-15,-3,-28,-8,13,-36,2,5,-20,1,-75,29,-24,-9,-9,-20,-20,-15,-21,-22,-15,-21,-20,-17
swipeleft(11), -9,-15,-24,-7,-6,-30,0,21,-47,2,-22,-22,-2,-63,29,-24,-9,-9,-26,-16,-19,-25,-17,-17,-22,-17,-18,-21,-17,-16,-21,-17,-16
swipeleft(12), -11,-33,-23,-11,-24,-31,-12,-7,-28,-12,1,-30,-8,22,-30,-6,-17,-31,-12,-50,17,-22,-11,-14,-21,-18,-16,-22,-18,-16,-21,-20,-18,-21,-19,-16
swipeleft(13), -21,-3,-24,-22,-2,-23,-20,0,-25,-16,16,-39,0,11,-36,1,-69,45,-23,-7,-8,-26,-22,-14,-22,-21,-15,-21,-20,-15,-20,-19,-15,-18,-20,-14,-17,-19,-11
swipeleft(13), -8,-30,-17,-7,-30,-18,-7,-34,-17,-9,-35,-17,-9,-19,-27,2,25,-43,0,-25,-13,-4,-61,36,-21,-9,-15,-20,-23,-17,-17,-23,-10,-14,-23,-5,-14,-25,-16
swipeleft(11), -10,-27,-17,-11,-19,-31,-6,-3,-37,-5,-9,-19,-2,-40,28,-14,-17,-11,-17,-27,-14,-15,-28,-13,-12,-26,-15,-12,-25,-16,-11,-26,-15
swipeleft(12), -13,-25,-16,-11,-26,-18,-11,-23,-22,-12,-21,-34,-13,12,-26,-1,-28,-7,-17,-27,8,-27,-24,-3,-23,-21,-6,-24,-22,-4,-25,-21,-2,-25,-20,-3
swipeleft(11), -25,-19,-3,-26,-19,-3,-26,-21,1,-25,-20,-3,-24,-14,-12,-23,-7,-23,-17,0,-24,-5,-31,-30,-24,-32,5,-23,-19,-8,-22,-22,-12
swipeleft(12), -25,-22,-4,-25,-20,-3,-24,-15,-7,-23,-16,-14,-22,-18,-23,-7,-32,-18,-5,-23,-39,-25,-41,14,-22,-19,-7,-21,-22,-10,-22,-21,-8,-23,-20,-7
swipeleft(12), -22,-24,-12,-22,-22,-11,-21,-18,-17,-6,-31,-14,4,-33,-39,-22,-35,20,-23,-20,4,-22,-23,0,-22,-24,-2,-23,-21,-2,-23,-21,-1,-23,-23,-1
swipeleft(12), -23,-23,-1,-24,-21,0,-25,-23,8,-26,-22,8,-26,-9,5,-26,-11,-7,-24,-10,-14,-16,-23,-31,-25,3,-21,-6,-47,-8,-21,-24,3,-19,-26,-2
swipeleft(11), -24,-16,-14,-23,-17,-15,-19,-14,-29,-13,0,-9,-8,-58,-8,-22,-23,1,-19,-24,-7,-18,-26,-11,-18,-24,-10,-19,-24,-7,-20,-24,-6
swipeleft(12), -24,-14,-14,-25,-16,-13,-23,-14,-22,3,-3,-18,11,-48,-33,-19,-41,17,-20,-24,1,-19,-26,-6,-19,-26,-8,-21,-21,-7,-22,-22,-5,-22,-23,-3
swipeleft(11), -25,-16,-13,-25,-17,-13,-21,-13,-25,-23,-4,4,-10,-47,-25,-20,-29,3,-22,-23,0,-20,-27,-5,-20,-24,-6,-21,-22,-5,-21,-24,-5
swipeleft(11), -23,-20,-8,-23,-21,-9,-22,-19,-16,-12,-24,-18,0,-14,-54,-10,-44,4,-21,-25,0,-18,-25,-4,-19,-26,-7,-19,-25,-7,-20,-24,-5
swipeleft(11), -23,-19,-13,-23,-17,-13,-19,-16,-31,-11,-5,-9,10,-40,-28,-16,-38,10,-16,-27,1,-16,-28,-5,-17,-26,-6,-18,-25,-5,-18,-25,-4
swipeleft(11), -21,-21,-15,-21,-20,-14,-18,-10,-29,-7,-30,-7,7,-34,-42,-16,-34,0,-16,-27,-4,-17,-28,-7,-18,-25,-7,-18,-24,-7,-19,-25,-6
swipeleft(11), -22,-16,-16,-20,-16,-20,-13,-15,-31,-2,-27,-25,-15,-54,6,-16,-25,-6,-15,-25,-11,-16,-27,-11,-17,-24,-9,-17,-25,-9,-18,-25,-8
swipeleft(12), -24,-14,-14,-23,-14,-17,-21,-15,-21,-12,-3,-39,2,-32,-9,-19,-54,11,-17,-25,1,-16,-28,-5,-17,-28,-8,-18,-24,-6,-19,-25,-4,-19,-26,-3
swipeleft(12), -25,-16,-13,-23,-14,-15,-21,-12,-22,-8,2,-27,0,-52,-19,-19,-44,6,-16,-25,-3,-17,-26,-9,-17,-25,-11,-18,-23,-9,-19,-24,-7,-19,-24,-7
swipeleft(11), -26,-10,-9,-26,-12,-11,-25,-15,-13,-24,-10,-15,-21,-12,-26,-12,19,-20,2,-48,-21,-20,-31,-1,-16,-25,-8,-17,-26,-11,-17,-25,-13
swipeleft(11), -25,-14,-14,-24,-13,-15,-23,-10,-19,-17,-4,-25,-12,-31,-27,-15,-43,-1,-18,-24,-6,-18,-22,-12,-17,-23,-15,-18,-23,-13,-18,-22,-12
swipeleft(11), -24,-13,-16,-24,-13,-17,-21,-10,-25,-13,0,-25,3,-32,-16,-18,-42,-3,-17,-24,-7,-18,-26,-10,-18,-25,-10,-18,-24,-9,-18,-24,-10
swipeleft(12), -25,-9,-13,-25,-10,-15,-25,-13,-15,-18,2,-31,-1,-28,-32,-14,-53,0,-18,-30,1,-17,-27,-2,-19,-26,-6,-19,-24,-7,-20,-23,-7,-20,-24,-6
swipeleft(11), -25,-10,-13,-24,-9,-16,-19,-1,-21,-7,-17,-36,-2,-36,-24,-16,-27,-2,-18,-23,-6,-18,-28,-8,-18,-26,-9,-19,-23,-10,-19,-24,-9
swipeleft(11), -25,-7,-12,-23,-8,-18,-14,-4,-36,-1,-25,-28,-18,-51,5,-19,-24,-6,-17,-23,-11,-18,-24,-11,-19,-23,-11,-19,-26,-11,-20,-26,-8
swipeleft(11), -27,-13,-7,-26,-10,-11,-19,-5,-34,-2,-12,-28,-15,-60,-2,-19,-24,-1,-19,-24,-6,-19,-26,-10,-19,-23,-9,-19,-23,-9,-20,-23,-9
swipeleft(11), -22,-25,-3,-23,-23,-4,-24,-13,-10,-25,-9,-13,-23,-6,-19,-17,-10,-31,-2,-35,-25,-19,-37,3,-21,-19,-4,-19,-25,-9,-19,-24,-12
swipeleft(11), -23,-24,-2,-25,-16,-2,-25,-15,-8,-26,-10,-10,-24,-13,-16,-14,-19,-26,1,-30,-49,-16,-48,8,-19,-24,-2,-17,-26,-8,-19,-26,-10
swipeleft(11), -25,-13,-13,-23,-15,-18,-21,-4,-14,0,-34,-42,-17,-39,-4,-16,-24,-11,-16,-24,-14,-17,-24,-13,-18,-23,-10,-18,-23,-11,-19,-28,-9
swipeleft(13), -18,-23,-11,-19,-28,-9,-21,-37,8,-22,-18,4,-24,-13,-4,-25,-7,-15,-24,-5,-19,-20,-3,-37,-15,-13,-23,-15,-43,17,-24,-21,3,-21,-23,-3,-21,-25,-5
swipeleft(14), -18,-29,-5,-19,-27,-4,-21,-29,-1,-24,-25,9,-18,-12,3,-16,-24,-16,-14,28,-29,3,-18,-24,-2,-58,38,-26,-3,-16,-22,-26,-17,-18,-27,-16,-15,-25,-17,-15,-24,-18
swipeleft(12), -1,-3,-30,-3,-11,-32,4,7,-38,21,26,-32,10,-73,47,-20,-17,1,-10,-29,-8,-6,-31,-10,-6,-33,-10,-7,-33,-9,-4,-37,-6,-1,-31,-8
swipeleft(11), 26,-33,0,27,-25,-10,22,4,-21,39,-1,-26,26,-51,24,2,-19,1,9,-21,-9,21,-21,-14,29,-24,-16,27,-23,-11,25,-18,-10
swipeleft(12), 25,-29,-15,18,-19,-20,11,-7,-20,13,23,-31,28,-17,-11,10,-56,19,4,-18,-19,4,-22,-19,11,-26,-19,12,-19,-18,20,-18,-12,32,-23,-14
swipeleft(12), 35,-27,-4,35,-32,-15,28,-12,-20,20,4,-29,30,29,-15,34,-66,26,-4,-22,-4,2,-22,-16,8,-22,-19,20,-22,-18,28,-20,-19,31,-20,-12
swipeleft(14), 28,-17,-4,30,-22,-4,32,-28,-9,30,-28,-16,19,-12,-21,13,1,-31,14,26,-19,24,-63,34,-1,-22,-5,-2,-22,-16,0,-21,-16,13,-22,-15,32,-25,-17,33,-22,-10
swipeleft(13), 34,-28,-9,29,-33,-16,17,-13,-19,8,5,-30,11,30,-20,28,-40,10,-6,-21,-9,-4,-22,-18,-3,-22,-16,4,-21,-14,22,-24,-16,31,-22,-11,30,-26,-5
swipeleft(12), 33,-32,-10,29,-29,-16,14,-6,-20,16,53,-29,32,-23,0,-2,-33,5,-3,-22,-17,-4,-23,-14,4,-22,-16,19,-22,-16,30,-23,-15,30,-23,-9
swipeleft(13), 30,-23,-15,30,-23,-9,28,-18,-9,28,-19,-9,30,-21,-3,36,-30,-4,36,-38,-13,22,-3,-23,13,6,-35,22,-8,-11,2,-50,18,-6,-22,-12,-5,-24,-13
swipeleft(12), 28,-21,-11,30,-13,-6,29,-10,-8,29,-20,-3,29,-26,-4,29,-32,-6,21,-21,-10,16,31,-23,16,-26,-9,15,-53,2,4,-17,-11,8,-16,-11
swipeleft(12), 28,-15,-5,32,-23,-2,37,-28,-3,30,-28,-9,17,-6,-17,10,0,-29,14,-2,-15,14,-62,12,4,-22,-10,3,-19,-15,8,-19,-15,19,-21,-14
swipeleft(12), 35,-23,-7,33,-27,-10,25,-17,-16,15,-8,-22,12,13,-30,14,-26,-7,16,-55,8,5,-12,-16,12,-18,-14,24,-24,-13,28,-21,-13,27,-21,-7
swipeleft(15), 30,-20,-4,28,-20,-6,29,-18,-3,32,-19,1,32,-23,2,33,-36,-1,23,-21,-13,13,0,-19,11,22,-23,17,-26,-6,-1,-38,0,-1,-17,-13,0,-15,-9,19,-20,-13,32,-21,-15
swipeleft(12), 30,-30,-3,22,-28,-11,9,-4,-16,4,0,-28,5,-26,-20,5,-51,19,2,-16,-7,8,-17,-8,29,-27,-10,30,-25,-8,24,-30,-6,30,-24,-10
swipeleft(12), 24,-30,-6,30,-24,-10,25,-17,-5,27,-18,-4,29,-19,-3,36,-27,-5,29,-26,-11,18,4,-25,19,31,-20,40,-58,16,3,-16,-4,3,-18,-10
swipeleft(14), 29,-26,-6,34,-26,-5,34,-29,-9,22,-11,-16,10,0,-25,11,31,-22,27,-49,23,5,-25,-4,3,-16,-17,12,-20,-15,24,-21,-18,32,-22,-17,29,-23,-11,29,-19,-10
swipeleft(13), 29,-19,-10,30,-20,-8,32,-23,-5,33,-27,-10,22,-23,-15,10,-5,-23,10,8,-34,12,-13,-14,23,-49,12,1,-27,-5,0,-23,-14,9,-27,-16,17,-23,-17
swipeleft(11), 33,-24,-7,30,-24,-12,22,-22,-20,14,-11,-25,4,2,-26,1,-9,-18,14,-37,10,0,-25,-8,0,-19,-13,11,-25,-14,23,-25,-13
swipeleft(11), 31,-24,-5,28,-30,-8,19,-25,-16,9,-12,-23,2,-7,-24,0,0,-20,1,-13,-18,3,-38,-5,0,-22,-12,5,-25,-13,13,-26,-13
swipeleft(13), 19,-26,-13,25,-28,-8,28,-28,-4,30,-24,-5,31,-28,-6,29,-33,-8,20,-28,-16,9,-5,-24,6,16,-34,19,5,-16,16,-65,22,-4,-17,-11,-4,-18,-15
swipeleft(12), 28,-28,-1,29,-32,-3,23,-30,-9,13,-25,-18,5,-7,-23,1,3,-31,7,1,-12,21,-38,15,-2,-27,-3,-2,-24,-14,1,-26,-12,9,-28,-12
swipeleft(11), 31,-31,-8,25,-31,-9,14,-22,-16,7,-9,-27,4,1,-32,7,4,-23,8,-29,-2,-4,-33,0,-4,-20,-16,-2,-20,-11,9,-27,-13
swipeleft(11), 16,-16,-22,6,-6,-28,6,13,-37,1,-20,-8,1,-37,12,-5,-19,-15,-4,-25,-13,0,-30,-12,3,-27,-9,15,-28,-8,25,-30,-6
swipeleft(12), 28,-30,-5,28,-29,-2,28,-30,-5,27,-35,-12,15,-18,-20,9,-7,-27,7,21,-29,4,-37,-11,-4,-34,-1,-7,-22,-18,-4,-24,-15,0,-24,-15
swipeleft(13), 29,-30,-3,31,-33,-12,23,-27,-20,15,-12,-23,3,0,-27,1,24,-9,16,-62,12,-10,-18,-9,-4,-21,-15,-1,-22,-15,8,-24,-15,18,-26,-15,28,-26,-13
swipeleft(16), 18,-26,-15,28,-26,-13,27,-30,-6,25,-34,0,24,-29,5,18,-33,13,12,-41,16,1,-26,14,-6,-15,3,-8,-11,-13,-6,1,-26,12,49,-37,37,-47,-10,-9,-26,-3,-2,-19,-17,-2,-25,-14
swipeleft(12), 3,-30,28,-2,-23,17,-7,-16,4,-11,-10,-9,-9,-2,-22,5,21,-52,30,-38,-46,7,-55,6,-5,-15,-12,-4,-24,-14,-4,-29,-12,0,-30,-8
swipeleft(17), -4,-29,-12,0,-30,-8,2,-36,-8,3,-34,-9,4,-36,-5,3,-37,0,-1,-51,16,-3,-29,20,-4,-15,18,-7,-12,3,-6,-10,-20,10,54,-30,37,-28,-49,-8,-41,11,-11,-17,-8,0,-25,-17,6,-32,-14
swipeleft(15), 5,-37,21,0,-30,31,-4,-22,36,-9,-14,23,-7,-7,6,0,-9,-23,21,62,-33,43,-53,-30,-7,-26,-5,-7,-13,-15,-3,-27,-18,3,-36,-16,5,-31,-16,7,-30,-18,13,-30,-11
swipeleft(16), 7,-30,-18,13,-30,-11,10,-28,-6,10,-30,0,9,-29,2,9,-29,2,5,-42,23,-1,-37,38,-3,-12,35,-6,-8,21,0,-10,-9,13,40,-21,39,-31,-61,18,-54,3,-17,-14,-4,-9,-23,-15
swipeleft(14), 8,-41,0,3,-40,12,3,-35,31,1,-25,21,-4,-15,3,0,0,-19,10,39,-35,36,-49,-21,-13,-27,-5,-9,-18,-10,6,-27,-14,8,-32,-17,6,-38,-10,6,-38,-3
swipeleft(16), 6,-38,-10,6,-38,-3,8,-33,1,4,-36,12,-1,-36,34,0,-23,32,-6,-13,19,0,-7,-6,5,31,-20,15,-23,-66,8,-41,-8,-9,-17,-9,3,-24,-15,10,-29,-15,8,-33,-14,5,-39,-4
swipeleft(15), 8,-33,-14,5,-39,-4,5,-36,3,3,-36,14,1,-35,33,-2,-24,32,-5,-13,16,0,-8,-12,0,10,-21,15,30,-55,36,-54,-14,-13,-24,-1,-4,-22,-13,4,-31,-11,10,-34,-7
swipeleft(14), -4,-16,34,-6,-15,19,-4,-12,-5,-4,6,-24,21,27,-46,38,-58,-18,-12,-31,-5,-3,-19,-13,0,-26,-10,4,-28,-1,8,-32,10,1,-39,25,-3,-36,37,-1,-27,44
swipeleft(14), -3,-36,37,-1,-27,44,0,-20,33,-3,-9,11,-5,-1,1,-2,-1,-30,18,47,-48,38,-49,-34,-7,-31,0,-6,-16,-12,0,-29,-12,5,-28,-6,6,-34,5,1,-46,10
swipeleft(14), 6,-34,5,1,-46,10,1,-40,19,0,-29,32,-4,-20,31,-6,-10,19,-10,-10,9,-13,-13,-10,-8,-5,-29,9,39,-35,34,-48,-19,-13,-29,-7,-6,-28,-12,-4,-26,-8
swipeleft(18), -6,-28,-12,-4,-26,-8,0,-25,0,9,-34,13,-4,-43,31,0,-33,43,1,-20,32,-3,-13,14,-10,-10,0,-12,-18,-13,-11,2,-33,22,28,-51,36,-58,3,-4,-12,-11,0,-17,-16,0,-28,-20,0,-31,-12,0,-28,-5
swipeleft(15), 0,-31,-12,0,-28,-5,5,-35,5,7,-46,22,3,-36,21,0,-25,26,-1,-17,26,-5,-15,19,-7,-19,3,-9,-22,-19,-7,34,-24,5,-37,-31,-1,-51,-2,-1,-20,-15,1,-28,-21
swipeleft(15), 1,-28,-21,1,-30,-23,0,-30,-19,2,-29,-10,0,-37,14,-3,-31,29,-6,-23,25,-8,-17,13,-7,-18,-6,-4,-12,-24,20,18,-44,18,-48,-19,-6,-23,-17,1,-16,-24,3,-20,-28
swipeleft(11), 3,-20,-28,4,-20,-28,4,-23,-30,3,-20,-26,4,-16,-22,2,-16,-21,-2,-31,0,-10,-39,23,-18,-20,15,-13,-16,11,-6,-16,4
swipeleft(15), -13,-16,11,-6,-16,4,1,-33,-16,9,68,-8,15,-44,-31,-3,-40,-5,-5,-28,-18,0,-31,-24,-9,-23,-19,-4,-38,0,-6,-40,25,-13,-20,24,-16,-14,22,-18,-15,16,-20,-15,11
swipeleft(13), -18,-15,16,-20,-15,11,-17,-12,5,-13,-17,-4,-5,-21,-25,36,29,-52,37,-50,-10,-7,-33,-7,-1,-19,-12,5,-24,-15,8,-26,-17,5,-32,-17,0,-38,-16
swipeleft(15), 5,-32,-17,0,-38,-16,0,-42,-13,0,-35,-6,-9,-27,7,-13,-25,16,-18,-21,23,-14,-21,8,-6,-10,-15,4,33,-33,24,-46,-53,12,-63,12,-5,-22,-5,0,-24,-8,0,-32,-7
swipeleft(17), 0,-24,-8,0,-32,-7,-2,-31,-12,1,-47,-16,-2,-27,-14,-7,-29,-6,-9,-36,5,-11,-38,21,-10,-25,27,-13,-18,14,-8,-16,-8,-6,5,-19,19,-11,-40,5,-60,1,-19,-23,-4,-3,-34,-10,0,-36,-10
swipeleft(12), -10,-18,10,-15,-15,0,-9,-14,-15,-3,8,-22,-1,-52,-25,-10,-42,0,-7,-23,-16,-1,-31,-19,0,-29,-18,-1,-27,-14,-3,-29,-6,-2,-32,-6
swipeleft(16), -3,-29,-6,-2,-32,-6,-3,-43,10,-3,-40,30,-7,-19,21,-9,-15,8,-7,-11,-14,-2,15,-25,21,-17,-47,0,-69,19,-12,-13,-4,0,-22,-12,7,-31,-13,6,-29,-13,7,-33,-10,10,-33,-12
swipeleft(13), 7,-33,-10,10,-33,-12,13,-35,-12,16,-42,-15,11,-35,-16,2,-22,-11,-7,-20,-8,-6,-12,-19,-1,3,-31,31,10,-49,3,-67,29,-14,-11,-5,-7,-23,-9
swipeleft(15), -14,-11,-5,-7,-23,-9,-1,-35,-5,0,-36,-4,2,-43,-3,1,-38,-7,-5,-43,14,-3,-37,24,-5,-20,13,-10,-6,-1,-6,13,-24,14,11,-45,11,-65,7,-10,-27,-9,1,-26,-15
swipeleft(17), 3,-34,-2,3,-41,9,1,-37,20,-7,-20,20,-16,-11,20,-17,-11,22,-14,-18,0,-14,7,-13,13,23,-50,12,-68,19,-8,-21,1,1,-13,-7,23,-40,-4,15,-45,-3,1,-44,5,-2,-36,20,0,-28,28
swipeleft(13), -2,-36,20,0,-28,28,-3,-23,30,-9,-22,24,-13,-16,14,-15,-6,1,-10,-16,-39,2,70,-33,19,-61,-9,-15,-17,-10,-9,-20,-12,-5,-26,-11,2,-35,-12
swipeleft(17), -5,-26,-11,2,-35,-12,2,-39,-10,-3,-46,-1,-10,-42,16,-9,-29,28,-8,-16,27,-6,-16,1,-10,0,-21,6,24,-34,13,-44,13,-21,-27,0,-14,-15,-11,-2,-35,-11,-4,-30,-7,-1,-33,-8,0,-40,-4
swipeleft(14), -1,-33,-8,0,-40,-4,-5,-40,1,-7,-39,12,-9,-38,24,-11,-30,26,-10,-10,16,-7,-2,1,-13,-67,3,21,45,-48,-4,-33,-12,-6,-18,-23,-9,-27,-17,-7,-29,-12
swipeleft(14), -9,-27,-17,-7,-29,-12,0,-27,-13,1,-27,-14,1,-34,-16,1,-45,-4,-1,-41,21,-3,-28,21,-10,-11,10,-10,-55,-12,-13,68,13,-5,-49,-11,-9,-25,-16,-6,-24,-14
swipeleft(13), -6,-42,4,-11,-37,12,-13,-29,22,-13,-17,22,-11,-9,4,-10,-23,-18,20,35,-39,18,-48,-15,-13,-24,-9,-5,-21,-19,-1,-25,-23,-1,-27,-19,0,-30,-15
swipeleft(16), -1,-27,-19,0,-30,-15,0,-36,-14,0,-36,-12,-6,-43,4,-10,-31,19,-11,-7,16,-14,-16,-5,-16,11,-7,11,0,-52,3,-50,3,-10,-16,-9,0,-23,-14,3,-35,-11,1,-39,-8,-2,-40,-4
swipeleft(13), -11,-31,30,-6,-22,26,-4,-13,4,-7,14,-24,21,1,-42,25,-62,-16,-8,-14,-11,-1,-17,-17,1,-35,-17,-4,-35,-15,-6,-39,-9,1,-41,-1,2,-29,1
swipeleft(18), 1,-41,-1,2,-29,1,4,-29,10,-4,-30,26,-3,-18,41,-2,-15,34,-3,-14,11,-7,-14,-20,11,64,-32,35,-58,-27,-7,-29,10,-9,-15,-6,-3,-20,-5,0,-33,3,-2,-44,17,0,-38,25,-1,-25,21,-6,-23,20
swipeleft(14), -1,-25,21,-6,-23,20,-14,-23,26,-10,-20,26,-8,-20,14,-5,-22,-18,7,51,-19,23,-29,-55,-3,-42,9,-13,-8,-7,-1,-37,-16,-4,-38,-18,-6,-32,-10,2,-36,0
swipeleft(13), -2,-34,23,-6,-26,12,-6,-15,0,-3,-14,-24,4,46,-17,30,-45,-46,-6,-38,4,-11,-20,-2,-7,-32,-8,-6,-34,-14,-2,-35,-14,0,-34,-12,0,-31,-9
swipeleft(13), -11,-19,26,-16,-15,24,-17,-14,15,-15,-13,-4,-12,-18,-29,21,33,-41,23,-48,-9,-17,-27,-6,-8,-22,-15,-4,-33,-20,-6,-28,-18,-2,-27,-17,0,-30,-15
swipeleft(16), -2,-27,-17,0,-30,-15,-2,-30,-9,-1,-32,-4,-6,-35,16,-9,-30,33,-11,-17,31,-11,-14,16,-11,-12,-1,-13,-13,-22,16,58,-38,23,-56,-34,-1,-51,-1,-9,-16,-11,-3,-27,-16,-4,-31,-14
swipeleft(12), -1,-19,28,-5,-16,17,-5,-19,-3,6,40,-4,32,-33,-58,-2,-56,3,-9,-18,-11,-1,-29,-14,-1,-31,-15,-1,-33,-13,0,-30,-10,2,-31,-6
swipeleft(16), 0,-30,-10,2,-31,-6,8,-38,2,0,-34,14,-8,-33,31,-6,-16,35,-8,-8,21,-8,-11,0,-11,45,-5,19,-52,-51,1,-52,-5,-4,-10,-15,-1,-24,-19,0,-30,-17,0,-28,-9,5,-31,-11
swipeleft(16), 0,-28,-9,5,-31,-11,9,-38,-10,3,-37,-5,1,-41,2,-4,-45,28,0,-19,31,-5,-11,12,-4,15,-20,23,29,-46,26,-60,13,-13,-27,-3,-6,-16,-15,0,-29,-20,2,-34,-19,0,-27,-17
swipeleft(17), 2,-34,-19,0,-27,-17,4,-27,-7,7,-30,5,5,-34,21,2,-34,42,1,-26,43,0,-17,28,-1,-12,12,-1,-14,-17,11,66,-29,50,-69,-19,-4,-29,-4,0,-19,-17,-3,-22,-19,-2,-24,-18,-3,-22,-23
swipeleft(16), -2,-24,-18,-3,-22,-23,0,-27,-13,3,-30,0,-5,-46,26,0,-41,39,0,-20,21,0,-13,-4,-3,31,-12,9,-10,-36,39,-59,32,-18,-10,-5,-2,-30,-11,-6,-27,-13,-6,-28,-15,-4,-27,-13
swipeleft(17), -6,-28,-15,-4,-27,-13,0,-27,-12,3,-27,-7,3,-38,4,-3,-53,32,-2,-35,31,-4,-15,15,-2,-8,0,0,21,-26,34,-22,-66,0,-48,5,-9,-7,-10,-3,-22,-16,-5,-28,-18,-6,-32,-18,-7,-33,-16
swipeleft(16), -6,-32,-18,-7,-33,-16,-5,-29,-14,-1,-29,-9,-5,-36,13,-8,-40,35,-9,-17,17,-6,-9,-2,-6,35,-15,12,-14,-53,0,-50,-8,-11,-14,-17,-4,-22,-21,-5,-23,-22,-5,-27,-22,-5,-30,-20
swipeleft(15), -5,-27,-22,-5,-30,-20,-3,-29,-18,-2,-26,-14,-2,-25,-10,-15,-45,41,-10,-14,29,-9,-7,10,-6,1,-19,25,36,-52,23,-34,-14,-13,-20,-15,-7,-17,-22,-7,-20,-26,-7,-24,-23
swipeleft(16), -7,-24,-23,-9,-24,-22,-6,-24,-18,-4,-25,-15,-7,-31,-4,-14,-41,34,-11,-21,27,-12,-10,8,-7,6,-10,17,63,-29,34,-36,-42,-12,-21,-10,-7,-9,-23,-5,-23,-25,-8,-23,-24,-7,-22,-23
swipeleft(15), -6,-23,-21,-7,-22,-21,-8,-22,-15,-14,-40,36,-14,-17,24,-8,-12,-2,-3,38,-7,21,-29,-54,0,-46,-3,-13,-14,-18,-4,-22,-25,-6,-25,-24,-8,-23,-22,-8,-23,-22,-6,-24,-20
swipeleft(16), -6,-24,-20,-6,-24,-18,-7,-26,-16,-12,-33,16,-13,-31,36,-11,-11,9,-12,-2,-16,11,52,-22,18,-31,-48,-11,-28,-16,-9,-10,-25,-4,-20,-25,-4,-22,-22,-3,-21,-20,-1,-24,-19,0,-26,-19
swipeleft(15), 0,-26,-19,0,-27,-17,0,-32,-13,-3,-41,15,-5,-33,35,-7,-13,21,-11,-22,-7,23,48,-35,33,-40,-20,-5,-32,-14,-3,-22,-21,-1,-27,-23,-1,-27,-21,0,-23,-21,-1,-28,-19
swipeleft(15), -1,-28,-19,-2,-27,-18,-2,-29,-14,-3,-31,-2,-12,-38,40,-4,-15,24,5,-17,0,6,38,-12,37,-22,-54,10,-61,-10,-2,-26,-7,2,-30,-10,-1,-30,-7,-6,-26,-1,-4,-26,2
swipeleft(16), -6,-26,-1,-4,-26,2,5,-33,9,13,-29,5,7,-31,1,4,-29,6,-2,-45,31,0,-28,33,1,-20,-2,7,40,-3,24,-40,-40,-2,-37,13,-8,-19,4,14,-33,-4,18,-38,-15,14,-36,-14
swipeleft(12), 18,-38,-15,14,-36,-14,13,-33,-6,11,-28,-2,10,-35,4,8,-44,5,12,-53,-15,15,10,-25,22,12,-22,25,-58,33,-11,-22,5,-11,-17,-8
swipeleft(13), 4,-40,-19,4,-38,-20,2,-11,-30,2,9,-39,19,-8,0,31,-64,44,-4,-14,-2,-1,-27,-13,4,-40,-12,8,-39,-7,9,-37,-5,11,-37,-12,9,-39,-15
swipeleft(12), 11,-37,-12,9,-39,-15,5,-31,-20,-1,-9,-29,-1,4,-31,-1,-9,-18,-4,-39,29,-13,-16,-4,-5,-27,-7,0,-41,-8,-2,-38,-9,-1,-38,-7
swipeleft(13), -2,-38,-9,-1,-38,-7,1,-41,-7,1,-40,-11,1,-38,-15,0,-16,-26,-2,1,-32,1,0,-16,7,-56,49,-15,-18,1,-9,-29,-7,-3,-35,-11,4,-34,-15
swipeleft(14), 7,-35,-14,7,-36,-17,9,-48,-17,7,-42,-15,1,0,-24,0,18,-27,4,-13,-20,-10,-34,25,-15,-17,-4,-7,-35,-5,-4,-35,-5,0,-37,-7,0,-37,-8,1,-38,-8
swipeleft(13), 1,-38,-8,2,-38,-11,0,-37,-14,-3,-23,-20,-5,-7,-30,-2,23,-18,7,-36,12,-8,-31,11,-11,-15,-13,-7,-32,-8,-5,-38,-9,-3,-34,-10,0,-36,-7
swipeleft(13), -3,-34,-10,0,-36,-7,0,-38,-10,1,-40,-14,2,-37,-17,0,-11,-26,-4,-2,-31,0,11,-17,6,-51,36,-13,-15,0,-8,-20,-10,-3,-37,-10,0,-40,-11
swipeleft(13), -3,-37,-10,0,-40,-11,0,-35,-11,5,-35,-12,11,-44,-21,10,-42,-20,2,-20,-19,-7,-3,-25,-6,22,-20,2,-37,22,-10,-19,8,-10,-24,-5,-10,-31,-3
swipeleft(12), -6,-43,-6,-4,-33,-15,-5,-9,-24,-8,16,-14,4,-51,44,-10,-12,3,-9,-30,-6,-6,-37,-2,-2,-44,-2,-2,-36,-2,0,-36,-3,-1,-39,-5
swipeleft(13), 0,-36,-3,-1,-39,-5,-4,-37,-6,-6,-34,-5,-11,-18,-13,-11,-8,-25,-1,18,-21,13,-56,51,-12,-7,24,-3,-29,2,-3,-41,7,-3,-44,0,-3,-38,-4
swipeleft(14), -3,-44,0,-3,-38,-4,0,-33,1,1,-34,0,2,-36,0,5,-43,-5,4,-33,-13,-2,-17,-20,-4,4,-30,-10,-8,-9,1,-38,38,-7,-12,-3,0,-35,5,8,-45,3
swipeleft(17), 0,-35,5,8,-45,3,5,-39,0,11,-33,-3,14,-28,-1,11,-42,20,4,-35,35,-1,-16,35,-2,-9,17,-3,-8,-2,8,16,-34,27,-24,-64,1,-54,8,-10,-19,-3,-1,-24,-12,2,-29,-15,1,-33,-16
swipeleft(14), 2,-29,-15,1,-33,-16,-1,-43,-2,-1,-42,14,-6,-32,23,-9,-21,23,-9,-15,12,-2,-12,-8,14,17,-22,33,-6,-57,14,-58,-5,-8,-23,0,2,-24,-8,11,-25,-7
swipeleft(16), 2,-24,-8,11,-25,-7,11,-33,-8,9,-39,-6,6,-42,0,2,-40,18,0,-29,31,0,-17,31,-4,-13,11,-5,-8,-9,0,16,-31,19,-36,-51,9,-48,9,-10,-21,0,0,-24,-7,11,-32,-14
swipeleft(17), 0,-24,-7,11,-32,-14,3,-39,-14,1,-46,-10,0,-44,8,0,-35,26,-1,-18,21,-6,-15,4,-10,-13,-20,0,25,-32,-4,-36,-43,-5,-31,-11,-6,-13,-13,-2,-22,-14,1,-31,-8,2,-37,-3,0,-45,0
swipeleft(15), 2,-37,-3,0,-45,0,-3,-44,19,0,-31,35,-3,-18,26,-5,-10,7,-3,-2,-20,13,61,-34,31,-40,-23,-7,-36,-1,-5,-19,-10,1,-27,-13,3,-31,-17,0,-33,-18,1,-38,-12
swipeleft(19), 0,-33,-18,1,-38,-12,1,-38,2,-5,-42,28,-3,-22,30,-5,-14,14,-5,-8,-8,-3,19,-24,7,1,-48,0,-45,-2,-9,-14,-16,-4,-21,-16,-1,-27,-17,0,-31,-18,-3,-41,-9,-8,-48,9,-3,-38,23,-6,-22,21,-9,-18,10
swipeleft(12), -6,-22,21,-9,-18,10,-6,-11,-5,0,33,-21,12,-3,-41,9,-53,-8,-8,-19,-14,0,-24,-14,4,-28,-10,6,-35,-8,0,-47,-5,-1,-49,6
swipeleft(15), 0,-47,-5,-1,-49,6,-2,-43,24,0,-24,31,-2,-14,16,-8,-9,-4,-7,7,-19,9,27,-34,29,-42,-20,-10,-29,-14,-2,-25,-16,0,-29,-11,1,-25,-8,3,-35,-4,0,-47,4
swipeleft(13), 3,-35,-4,0,-47,4,-2,-40,25,0,-28,32,-4,-18,20,-6,-11,-2,-5,16,-19,12,12,-47,33,-59,-25,-10,-22,-7,-2,-18,-14,1,-31,-13,2,-24,-13
swipeleft(16), 1,-31,-13,2,-24,-13,2,-44,-2,1,-39,-2,3,-36,4,-1,-41,22,-1,-27,33,-6,-12,16,-6,-11,0,-4,7,-20,8,39,-46,21,-33,-13,-11,-22,-6,-8,-23,-11,-8,-28,-11,-4,-31,-7
swipeleft(13), -8,-28,-11,-4,-31,-7,-1,-39,-2,-1,-40,0,0,-39,3,-6,-38,21,-3,-27,30,-6,-15,9,-10,-19,6,1,26,-40,34,-23,-61,-4,-26,-10,-2,-13,-15
swipeleft(17), -4,-26,-10,-2,-13,-15,1,-28,-19,0,-32,-16,-1,-35,-12,-1,-35,-8,-4,-38,7,-4,-42,25,-6,-19,22,-7,-12,2,-6,-2,-18,11,50,-35,33,-59,-23,-5,-41,2,-4,-15,-12,-1,-30,-14,-2,-32,-12
swipeleft(17), 0,-33,-11,2,-32,-10,1,-34,-5,-7,-43,21,0,-31,31,-4,-16,18,-5,-13,1,-9,-13,-23,0,24,-35,22,-24,-41,8,-62,12,-6,-12,-15,-2,-26,-14,-2,-32,-10,-1,-36,-8,0,-35,-7,0,-38,1
swipeleft(14), 0,-35,-7,0,-38,1,-3,-39,20,-2,-27,29,-5,-20,21,-9,-13,-1,-8,0,-13,7,13,-43,32,-6,-49,8,-58,21,-3,-15,-11,0,-26,-12,0,-33,-8,4,-34,-12
swipeleft(18), 0,-33,-8,4,-34,-12,3,-37,-10,4,-38,-6,1,-42,12,2,-32,36,0,-16,22,-6,-13,-4,-3,0,-16,6,31,-42,18,-43,-38,0,-38,2,-6,-13,-13,-3,-30,-8,0,-32,-7,7,-36,-11,7,-36,-15,7,-40,-6
swipeleft(14), 7,-36,-15,7,-40,-6,3,-44,14,0,-37,25,-4,-18,22,-6,-12,9,-7,2,-25,15,30,-34,24,-67,-14,-14,-24,-7,-6,-20,-18,-1,-37,-15,-4,-29,-15,-4,-30,-13
swipeleft(15), -4,-30,-13,-5,-31,-11,-6,-32,-6,-12,-38,21,-7,-29,32,-8,-17,18,-6,-14,-6,-7,17,-15,20,0,-55,7,-61,-8,-12,-17,-9,-5,-24,-16,-6,-26,-21,-7,-27,-19,-4,-26,-17


swiperight(14), 0,-36,-10,-2,-36,-3,-10,-39,1,-27,-10,32,12,-18,67,13,-67,-2,14,22,-31,-4,-4,-26,-20,-8,-29,-26,-11,-26,-18,-13,-20,-20,-23,-21,-15,-18,-16,-15,-25,-9
swiperight(12), -15,-18,-16,-15,-25,-9,-24,-26,23,-19,-10,31,-11,-9,41,0,-3,-11,-24,0,-37,-28,-11,-15,-26,-10,-13,-22,-9,-5,-31,-13,-14,-29,-11,-4
swiperight(13), -31,-13,-14,-29,-11,-4,-28,-10,-9,-26,-3,-10,-22,-21,-12,-10,-31,-2,-15,-34,8,-19,-24,25,-17,-33,30,-14,-17,15,-24,2,-32,-24,-8,-23,-26,-10,-12
swiperight(11), -15,-33,9,-16,-32,14,-18,-26,12,-21,-33,13,-21,-20,-6,-15,19,-35,-24,-9,-21,-24,-9,-17,-25,-9,-16,-24,-12,-18,-24,-10,-16
swiperight(11), -13,-36,4,-16,-33,10,-17,-27,8,-22,-22,19,-31,-5,16,-15,-2,-17,-25,-16,-17,-29,-17,-5,-26,-14,-9,-26,-16,-10,-25,-16,-10
swiperight(11), -14,-37,12,-16,-30,9,-19,-19,1,-23,-19,-2,-21,-31,-19,-27,-22,20,-20,-7,-17,-26,-18,-12,-27,-15,-9,-26,-15,-9,-26,-15,-9
swiperight(11), -19,-28,7,-20,-26,7,-21,-22,11,-27,7,28,-16,-13,-15,-24,-26,-7,-26,-17,-4,-24,-19,-8,-24,-19,-9,-23,-18,-8,-21,-20,-8
swiperight(11), -13,-34,15,-17,-27,20,-14,-28,0,-18,-19,22,-19,-14,-18,-24,-27,-5,-24,-18,-2,-24,-20,-3,-24,-20,-3,-22,-18,-5,-20,-23,-2
swiperight(11), -16,-32,13,-19,-22,16,-18,-23,-6,-23,-22,26,-19,-7,-14,-27,-19,-6,-24,-17,-12,-22,-15,-11,-23,-19,-8,-19,-24,-12,-18,-25,-11
swiperight(11), -15,-32,5,-19,-28,18,-17,-25,8,-22,2,29,-21,-7,-20,-26,-25,-7,-26,-17,-3,-25,-16,-7,-25,-20,-7,-23,-15,-9,-21,-20,-7
swiperight(12), -23,-15,-9,-21,-20,-7,-17,-26,-4,-16,-26,-1,-16,-31,7,-16,-37,14,-18,-23,16,-19,-26,-7,-24,-16,9,-20,-13,-14,-23,-29,-3,-25,-20,0
swiperight(11), -11,-35,7,-12,-30,10,0,-32,5,6,-45,-19,-1,28,-28,-14,-14,-23,-16,-14,-25,-16,-14,-26,-14,-16,-26,-11,-16,-24,-10,-15,-23
swiperight(11), -5,-39,-1,-7,-37,6,-12,-30,9,-14,-27,10,-6,-32,6,-19,-43,-1,3,37,-27,-15,-14,-20,-17,-12,-24,-15,-10,-28,-13,-15,-24
swiperight(11), -9,-33,19,-10,-25,15,0,-31,12,-20,-55,20,-4,32,-19,-15,-23,-27,-15,-16,-27,-15,-14,-22,-16,-17,-19,-15,-20,-19,-13,-19,-17
swiperight(12), -9,-33,3,-10,-34,15,-11,-27,24,-10,-24,27,-10,-29,10,6,4,9,3,9,-41,-12,-13,-27,-13,-3,-27,-14,-10,-31,-14,-12,-28,-14,-12,-27
swiperight(11), -12,-28,10,-16,-22,12,1,-45,25,24,0,-10,4,22,-26,-14,-15,-19,-17,-17,-27,-16,-12,-29,-15,-14,-26,-14,-13,-24,-14,-14,-24
swiperight(11), -11,-32,12,-14,-29,25,-2,-38,22,24,-3,-13,-8,-2,-31,-20,-15,-22,-20,-11,-25,-19,-13,-23,-18,-12,-23,-19,-12,-22,-19,-12,-22
swiperight(12), -5,-44,9,-8,-37,10,-14,-26,11,1,-29,11,-22,-47,4,7,25,-29,-17,-13,-22,-16,-13,-29,-15,-13,-27,-15,-14,-25,-16,-14,-24,-16,-15,-24
swiperight(11), -10,-35,4,-12,-36,6,-12,-32,14,-18,-4,19,3,4,-23,-15,-23,-19,-20,-19,-20,-19,-21,-19,-18,-19,-19,-18,-19,-19,-17,-18,-18
swiperight(12), -9,-27,-14,-6,-35,-1,-8,-43,8,-11,-33,21,-1,-26,21,-8,-29,-6,13,10,-48,-15,-22,-17,-16,-15,-22,-15,-15,-25,-15,-19,-23,-15,-17,-23
swiperight(13), -7,-26,-18,-5,-26,-12,-15,-43,-2,-16,-30,-7,-12,-36,6,-3,-47,-1,23,51,-6,3,17,-33,-5,-8,-26,-9,-7,-25,-13,-12,-27,-13,-23,-28,-15,-21,-26
swiperight(11), -3,-24,-29,-5,-25,-17,-6,-42,-6,-11,-38,4,-11,-31,11,-3,-36,0,16,37,-13,-2,2,-31,-8,-15,-28,-14,-18,-29,-9,-20,-27
swiperight(12), -8,-19,-22,-7,-19,-25,-6,-23,-24,-10,-31,-14,-12,-38,1,-13,-30,5,-11,-35,13,-6,-35,-18,16,60,-20,-10,-7,-24,-13,-12,-27,-14,-15,-33
swiperight(11), -8,-19,-21,-5,-32,-17,-9,-34,-13,-15,-27,-4,-7,-37,4,-10,-36,11,-2,-44,7,16,37,5,-8,0,-35,-14,-8,-26,-15,-8,-27
swiperight(13), -6,-24,-22,-7,-24,-23,-7,-31,-16,-10,-36,-1,-13,-24,-8,-14,-36,4,-3,-47,24,-1,-3,-10,8,16,-38,-10,-10,-27,-11,-7,-29,-12,-11,-29,-12,-17,-29
swiperight(11), -4,-42,-7,-9,-39,0,-12,-31,2,-8,-33,12,1,-20,-16,16,44,-33,-1,-9,-31,-6,-13,-31,-7,-8,-31,-6,-22,-26,-8,-22,-21
swiperight(12), -2,-27,-24,-6,-34,-15,-9,-38,2,-5,-33,11,-3,-46,-1,17,24,-6,6,16,-36,-8,-17,-26,-13,-10,-27,-12,-14,-26,-12,-23,-24,-11,-22,-24
swiperight(12), -6,-24,-21,-6,-22,-19,-6,-25,-21,-7,-36,-16,-8,-40,-8,-13,-27,-9,-16,-32,22,-1,-36,-5,26,64,-14,-5,0,-31,-9,-8,-32,-10,-5,-30
swiperight(12), -8,-18,-24,-6,-21,-25,-5,-27,-17,-5,-47,8,-6,-44,15,-9,-31,16,0,-31,-5,28,58,-15,-4,-3,-29,-10,-10,-30,-8,-9,-30,-10,-13,-29
swiperight(13), -6,-20,-22,-5,-23,-21,-5,-27,-15,-6,-47,-2,-9,-34,2,-12,-27,6,0,-38,25,3,0,15,2,6,-36,-8,-10,-28,-12,-7,-30,-12,-10,-30,-10,-16,-28
swiperight(11), -5,-22,-18,-4,-25,-15,-6,-45,-5,-8,-40,5,-11,-29,9,-2,-30,15,0,-4,12,1,13,-32,-8,-9,-27,-12,-8,-29,-12,-9,-33
swiperight(12), -5,-21,-21,-4,-25,-19,-4,-30,-12,-6,-44,0,-10,-34,7,-9,-29,11,-8,-35,9,-12,-36,-10,16,45,-31,-8,-3,-26,-14,-6,-28,-14,-7,-30
swiperight(11), -4,-24,-14,-2,-34,-8,-3,-41,9,-6,-36,20,-2,-32,23,-8,-28,-10,6,27,-19,-13,2,-30,-17,-7,-33,-16,-11,-26,-15,-12,-23
swiperight(15), 0,-35,0,0,-35,0,-2,-35,1,-8,-37,16,2,-34,31,-11,-31,-7,5,13,-33,-7,0,-30,-10,1,-29,-12,-2,-28,-7,-13,-25,-2,-24,-19,-1,-46,-17,0,-24,-14,4,-33,-12
swiperight(12), 0,-24,-14,4,-33,-12,3,-34,-7,1,-40,-5,-4,-38,11,3,-38,7,-1,-21,-5,4,16,-35,-3,0,-31,-6,-7,-31,-7,-10,-30,-3,-19,-23
swiperight(13), -7,-10,-30,-3,-19,-23,-1,-25,-18,-2,-31,-18,0,-29,-13,1,-34,-5,-1,-35,1,2,-43,24,7,-54,-3,21,45,3,-7,8,-28,-16,-11,-28,-15,-11,-25
swiperight(12), 4,-10,-29,1,-13,-25,-2,-27,-18,-6,-37,-10,-2,-48,9,3,-33,-7,18,53,-23,-1,7,-27,-8,-4,-26,-15,-4,-29,-12,-8,-30,-11,-7,-28
swiperight(12), -5,-17,-26,-5,-28,-24,-1,-42,-7,-1,-40,5,5,-44,-9,11,6,-4,5,33,-30,-6,-5,-34,-11,-6,-29,-13,-5,-29,-11,-6,-29,-9,-10,-30
swiperight(12), -8,-11,-26,-7,-12,-26,-3,-19,-23,1,-40,-18,-2,-44,-10,5,-41,0,10,-8,-15,10,47,-22,-5,0,-31,-12,-6,-28,-14,-3,-30,-12,-7,-31
swiperight(12), -11,-7,-29,-10,-5,-28,-8,-7,-30,-9,-16,-33,-4,-32,-21,-10,-36,-12,-4,-37,0,0,-40,-22,11,50,-10,-5,12,-25,-11,0,-30,-13,-2,-32
swiperight(12), -5,-13,-31,-7,-17,-34,-8,-28,-20,-9,-39,-7,-8,-38,3,6,-42,-13,17,58,-5,-4,12,-26,-11,0,-31,-14,0,-30,-13,-6,-32,-13,-9,-32
swiperight(15), -13,-9,-32,-13,-11,-30,-13,-9,-27,-13,-4,-23,-9,-5,-27,-3,-20,-31,3,-32,-23,-4,-46,-9,-3,-39,0,5,-31,-12,15,35,-11,0,22,-24,-9,-1,-32,-11,-1,-34,-11,-2,-32
swiperight(12), -4,-26,-23,-8,-33,-21,0,-31,-17,4,-19,-27,5,38,-17,-7,17,-22,-13,-2,-29,-15,-2,-31,-12,-5,-32,-11,-7,-31,-10,-10,-30,-10,-7,-27
swiperight(14), -10,-10,-30,-10,-7,-27,-6,-11,-28,-6,-14,-32,-10,-10,-31,-7,-26,-24,-3,-38,-13,3,-45,-2,12,-30,-13,15,24,-3,-2,17,-27,-8,-2,-34,-10,0,-33,-11,-8,-33
swiperight(12), 1,-36,-15,0,-42,-8,-5,-39,-7,-1,-37,0,7,-20,-7,10,22,-10,1,12,-28,-9,0,-32,-12,-2,-32,-12,-7,-30,-12,-9,-26,-5,-14,-30
swiperight(13), -12,-9,-26,-5,-14,-30,-3,-16,-32,-4,-12,-32,-7,-8,-28,-2,-26,-20,4,-38,-19,0,-39,-12,3,-36,13,10,-22,0,4,33,-16,-1,0,-31,-5,-3,-32
swiperight(12), -6,-8,-28,-4,-11,-30,-2,-13,-33,-4,-18,-31,-5,-29,-16,-6,-33,-10,-3,-39,-1,-1,-41,-26,4,38,-10,-3,13,-21,-10,1,-27,-13,1,-29
swiperight(12), -6,-11,-28,-3,-16,-31,-1,-30,-27,-3,-41,-17,-8,-30,-16,-12,-23,-14,0,-34,-1,10,5,-15,-2,15,-22,-10,0,-30,-12,-1,-31,-13,0,-33
swiperight(11), -7,-8,-30,-2,-17,-26,2,-41,-19,-6,-31,-16,-6,-33,-5,4,-34,0,13,4,-10,6,23,-31,-4,1,-32,-6,-3,-31,-7,-2,-33
swiperight(13), 0,-31,-19,0,-45,-19,-4,-41,-9,0,-34,5,5,-7,-20,17,55,-21,-4,13,-26,-8,-2,-30,-9,-1,-33,-7,-4,-33,-7,-15,-31,-6,-13,-30,-5,-8,-28
swiperight(12), -6,-13,-30,-5,-8,-28,-6,-4,-27,-3,-18,-31,1,-35,-22,-5,-33,-17,-7,-35,-7,10,-48,11,6,20,-11,3,28,-23,-7,6,-26,-10,-1,-32
swiperight(12), -6,-12,-27,-4,-20,-30,-6,-34,-28,-6,-39,-16,-8,-29,-6,2,-42,17,8,-1,-11,-1,38,-19,-9,6,-27,-10,0,-33,-12,-2,-32,-9,-10,-31
swiperight(13), -9,-10,-31,-8,-12,-29,-7,-17,-28,-6,-18,-27,-7,-14,-25,-4,-31,-20,0,-39,-17,-9,-32,-14,3,-36,-4,15,7,-13,4,21,-26,-8,-1,-30,-10,-4,-31
swiperight(12), 0,-20,-31,0,-23,-30,-4,-34,-25,-9,-30,-15,-8,-36,1,-4,-22,-24,7,54,-24,-6,3,-29,-9,-2,-30,-9,-3,-34,-6,-10,-33,-4,-11,-29
swiperight(13), -8,-7,-31,-7,-8,-30,-5,-13,-30,-2,-16,-30,0,-13,-24,0,-29,-28,-3,-33,-20,-7,-34,-15,-1,-50,-6,0,-28,-12,17,72,-15,-7,0,-25,-13,-6,-27
swiperight(13), -1,-13,-28,-2,-25,-27,-5,-28,-26,-10,-31,-9,-6,-41,3,-1,-38,-6,16,35,2,-1,9,-27,-13,-1,-28,-10,2,-33,-11,0,-32,-11,-3,-30,-9,-7,-28
swiperight(13), -11,-3,-30,-9,-7,-28,-8,-11,-28,-5,-16,-30,-5,-14,-31,-5,-23,-31,-9,-32,-18,-9,-36,0,0,-33,1,13,-23,-15,0,18,-26,-7,0,-28,-5,-1,-31
swiperight(11), -4,-43,-13,-7,-38,-3,-4,-36,3,-15,-23,-7,1,17,-28,-11,-11,-25,-12,-17,-28,-5,-11,-32,-3,-12,-31,-4,-15,-28,-4,-22,-28
swiperight(12), -4,-22,-28,-7,-20,-27,-9,-27,-23,-7,-28,-21,-10,-27,-20,-15,-30,-15,-10,-41,16,0,-37,6,47,5,-20,14,-5,-25,2,-20,-22,0,-34,-25
swiperight(14), 2,-20,-22,0,-34,-25,0,-24,-27,2,-25,-26,0,-23,-23,0,-23,-23,-3,-23,-23,-11,-41,-14,-9,-40,8,3,-56,21,45,-29,1,14,15,-27,4,-15,-29,0,-26,-29
swiperight(12), -5,-21,-27,-12,-28,-27,-14,-23,-5,-2,-49,13,5,-29,-7,8,17,-29,1,-15,-28,0,-26,-31,-1,-28,-32,-1,-27,-25,5,-28,-26,13,-25,-23
swiperight(15), 5,-28,-26,13,-25,-23,7,-17,-15,15,-18,-20,18,-27,-24,13,-43,-28,-6,-43,-12,-13,-26,7,-18,-21,27,16,17,-20,8,-8,-23,3,-29,-32,4,-35,-33,-2,-31,-22,-1,-27,-20
swiperight(11), 12,-26,-24,10,-25,-22,5,-25,-21,0,-28,-24,0,-28,-26,-2,-29,-24,-9,-33,-9,-5,-36,-7,-17,-42,24,8,-4,-16,4,-11,-21
swiperight(12), 8,-26,-18,4,-24,-19,-10,-32,-8,-8,-43,4,-5,-48,19,-3,-33,20,17,1,-28,-3,-14,-18,0,-25,-20,4,-36,-26,0,-47,-25,0,-34,-18
swiperight(12), 0,-47,-25,0,-34,-18,6,-32,-20,6,-25,-23,-3,-26,-19,-10,-27,-6,-12,-33,13,-5,-39,2,38,16,-37,5,0,-23,0,-21,-19,0,-34,-23
swiperight(15), 0,-21,-19,0,-34,-23,0,-41,-26,2,-37,-23,9,-21,-19,12,-17,-24,6,-33,-19,0,-45,-11,2,-56,3,9,-52,5,45,-20,12,19,-8,-35,3,-20,-27,6,-31,-23,4,-44,-21
swiperight(11), 4,-34,-26,-3,-38,-18,-8,-37,0,-1,-44,-3,20,-41,9,17,6,-34,0,-22,-32,-1,-20,-24,-1,-31,-22,2,-29,-22,4,-26,-20
swiperight(15), 12,-30,-25,11,-28,-24,1,-29,-17,2,-33,-15,2,-30,-14,-2,-22,-15,-11,-34,0,6,-65,28,70,-11,-19,15,0,-32,6,-12,-21,5,-37,-18,4,-48,-26,0,-30,-19,6,-26,-21
swiperight(12), 0,-30,-19,6,-26,-21,15,-30,-24,10,-25,-21,1,-30,-18,-5,-36,-7,-8,-36,3,-4,-40,20,43,-52,9,20,13,-36,3,-15,-23,5,-19,-22
swiperight(13), 10,-21,-26,2,-24,-25,-7,-39,-12,-5,-48,5,0,-49,4,21,-54,4,12,6,-30,-4,-19,-21,-5,-20,-15,-2,-40,-17,-1,-35,-17,1,-33,-15,10,-33,-17
swiperight(14), 1,-33,-15,10,-33,-17,15,-28,-17,7,-26,-18,1,-37,-18,2,-53,1,-7,-40,-6,8,-61,27,27,31,-27,5,-9,-28,-1,-24,-21,-1,-33,-21,-4,-39,-20,-4,-32,-18
swiperight(13), -4,-39,-20,-4,-32,-18,3,-27,-18,12,-24,-19,11,-21,-23,7,-25,-26,-5,-57,-5,-3,-41,13,-8,-16,14,20,20,-27,3,-16,-20,1,-28,-23,5,-33,-24
swiperight(14), 1,-28,-23,5,-33,-24,-1,-39,-21,3,-30,-19,8,-26,-17,14,-17,-24,13,-17,-28,0,-55,-3,-3,-43,11,-1,-33,-8,36,-25,-21,6,2,-23,0,-28,-20,-1,-30,-18
swiperight(15), 0,-28,-20,-1,-30,-18,-1,-43,-19,0,-32,-17,8,-30,-15,10,-23,-16,12,-27,-23,7,-44,-9,-2,-42,4,-4,-26,10,24,-15,-6,4,-1,-17,5,-23,-22,4,-45,-21,-4,-46,-17
swiperight(15), 4,-45,-21,-4,-46,-17,-1,-30,-14,8,-29,-14,11,-23,-15,6,-19,-26,-2,-39,-18,-8,-44,4,-4,-27,26,-5,-19,20,31,-17,-21,1,2,-21,-2,-18,-14,3,-40,-18,7,-42,-23
swiperight(11), 0,-45,7,-1,-36,11,0,-18,6,18,12,-33,1,-11,-31,0,-26,-23,-3,-36,-21,-2,-37,-19,-2,-35,-17,0,-27,-16,0,-33,-15
swiperight(12), 0,-27,-16,0,-33,-15,0,-25,-13,-2,-24,-16,-13,-48,-7,-9,-41,16,-7,-28,7,28,19,-25,2,-9,-23,-1,-16,-26,2,-23,-25,5,-35,-27
swiperight(14), 2,-23,-25,5,-35,-27,1,-33,-22,8,-24,-19,11,-24,-19,8,-24,-29,-7,-43,-18,-9,-36,4,-6,-41,-2,42,-2,-10,8,1,-20,-1,-16,-25,1,-33,-27,-3,-42,-27
swiperight(13), 1,-33,-27,-3,-42,-27,-6,-34,-23,4,-27,-20,9,-24,-19,2,-23,-22,-15,-44,-6,-13,-37,5,-7,-30,-11,34,-16,-19,2,-2,-22,-1,-28,-23,0,-36,-20
swiperight(14), 0,-36,-20,0,-37,-21,2,-34,-18,5,-30,-18,11,-23,-17,15,-16,-19,9,-40,-34,-7,-49,-11,-12,-17,3,-16,4,25,11,3,-22,5,-9,-23,11,-30,-28,12,-40,-21
swiperight(13), -1,-29,-23,3,-22,-22,6,-19,-25,3,-22,-29,-4,-29,-29,-14,-35,-7,-12,-43,15,-3,-33,10,44,0,-18,4,1,-21,-1,-21,-17,0,-35,-23,0,-44,-24
swiperight(14), 0,-35,-23,0,-44,-24,-4,-34,-19,0,-34,-17,4,-27,-15,3,-23,-21,-5,-42,-25,-14,-35,-5,-14,-26,19,-8,-35,10,31,-13,-18,7,-2,-24,7,-26,-23,5,-31,-17
swiperight(14), 1,-35,-11,8,-30,-7,7,-27,-11,3,-44,-9,-7,-40,-1,-5,-38,15,3,-48,3,31,-21,-7,7,-4,-25,-4,-23,-18,-4,-34,-18,-7,-37,-18,-2,-32,-17,5,-33,-19
swiperight(12), -2,-32,-17,5,-33,-19,2,-25,-20,-3,-24,-19,-8,-35,-11,-8,-38,-3,-9,-38,19,0,-40,7,39,18,-27,1,-9,-27,-5,-23,-20,-4,-33,-21
swiperight(12), -2,-30,-21,0,-25,-21,-4,-29,-16,-10,-28,-12,-20,-29,-5,-10,-47,15,5,-40,-5,37,28,-33,0,-5,-22,-1,-15,-23,0,-25,-24,0,-40,-26
swiperight(14), 0,-25,-24,0,-40,-26,-5,-36,-21,0,-28,-18,5,-27,-19,4,-25,-21,-6,-28,-21,-10,-51,-3,-6,-37,13,-5,-19,-15,36,6,-30,-4,-8,-18,-4,-27,-18,0,-35,-19
swiperight(14), 6,-31,-21,4,-26,-26,0,-29,-26,-7,-29,-18,-18,-32,4,-5,-42,27,54,-21,-3,11,13,-24,1,-2,-29,6,-19,-34,5,-34,-34,-2,-27,-26,1,-23,-27,6,-22,-27
swiperight(14), 1,-23,-27,6,-22,-27,6,-23,-30,-3,-27,-27,-12,-36,-8,-12,-37,12,-5,-37,16,47,11,-18,3,5,-18,-3,-21,-18,-2,-41,-26,3,-44,-26,1,-29,-22,7,-29,-18
swiperight(15), 1,-29,-22,7,-29,-18,7,-22,-16,4,-21,-20,4,-25,-26,-9,-39,-26,-20,-46,6,-12,-44,20,6,-33,18,16,44,-23,0,0,-20,0,-16,-31,8,-29,-29,2,-38,-21,1,-33,-17
swiperight(14), 2,-38,-21,1,-33,-17,7,-32,-20,11,-23,-27,4,-23,-29,-6,-33,-18,-12,-34,4,0,-38,15,17,-47,-11,4,23,-22,-3,-13,-23,2,-27,-23,4,-37,-24,2,-35,-22
swiperight(14), 4,-37,-24,2,-35,-22,7,-28,-15,14,-31,-14,9,-24,-22,1,-43,-19,-5,-44,3,-4,-41,35,3,-47,32,21,33,-26,-3,-21,-23,-4,-24,-17,0,-41,-19,-3,-41,-17
swiperight(15), 0,-41,-19,-3,-41,-17,-2,-35,-16,1,-34,-15,2,-27,-18,0,-25,-21,-9,-31,-9,-13,-33,10,7,-52,26,62,-30,0,30,21,-27,15,-20,-25,18,-26,-23,29,-15,-28,33,-6,-20


upup(19), 1,-21,-24,2,-22,-23,5,-23,-21,4,-36,-16,-10,-25,-9,-11,-29,6,-10,-29,44,-23,-23,19,-9,7,-11,-15,-11,8,-18,-17,16,-29,-29,25,-27,-27,47,-22,-23,14,-7,0,0,-22,-18,7,-21,-18,8,-17,-28,12,-17,-33,15
upup(15), -2,-30,6,0,-31,6,0,-34,8,-9,-48,23,-1,-34,23,0,8,-1,-11,-15,4,-13,-25,9,-18,-45,36,-24,-39,10,-4,8,-3,-6,-20,7,-13,-32,8,-8,-41,7,-5,-35,8
upup(13), 0,-31,11,-1,-34,14,-5,-38,27,-5,-35,16,-4,5,-5,-8,-19,4,-14,-30,17,-13,-40,24,-19,-40,15,-4,0,-4,-5,-20,7,-8,-30,9,-2,-39,6
upup(13), 10,-33,1,1,-39,6,-4,-34,15,-15,-29,10,-10,-6,-3,-22,-27,5,-14,-43,24,-21,-27,5,-7,-14,1,-12,-23,5,-14,-33,5,-7,-37,5,-3,-34,-1
upup(13), 1,-36,4,-3,-34,7,-3,-41,20,-10,-33,10,-3,7,-14,-16,-24,4,-16,-32,9,-16,-43,21,-14,-24,7,-5,-10,1,-11,-25,5,-12,-34,0,-6,-34,-1
upup(11), -5,-35,15,-6,-35,16,-9,-11,0,-13,-25,12,-12,-29,8,-28,-34,14,-11,-11,1,-13,-19,7,-14,-27,6,-7,-29,6,-2,-38,9
upup(11), -1,-34,14,-4,-36,19,-9,-36,17,-7,0,-15,-24,-30,14,-19,-33,19,-16,-16,-5,-10,-18,0,-16,-23,7,-12,-31,8,-5,-35,5
upup(12), -1,-37,2,-5,-37,11,-10,-41,22,-7,10,-13,-14,-24,6,-34,-33,10,-11,-12,-2,-14,-19,4,-15,-28,3,-6,-36,1,-3,-41,1,0,-34,1
upup(13), 2,-34,0,1,-35,1,-2,-37,4,-13,-41,15,-6,-33,19,-7,3,-6,-5,-23,10,-36,-31,13,-9,-12,0,-15,-20,5,-17,-29,6,-11,-33,7,-11,-34,9
upup(15), -4,-30,9,-5,-30,10,-11,-35,10,-12,-45,32,-5,-17,3,-7,8,-5,-17,-21,8,-27,-30,4,-7,0,-9,-9,-18,11,-12,-34,15,-4,-41,7,3,-37,7,4,-30,7,4,-25,8
upup(13), -14,-38,19,-6,-39,27,-1,-1,-7,-12,-14,6,-18,-47,36,-21,-32,4,-6,5,-4,-16,-20,6,-19,-30,6,-14,-32,8,-12,-33,8,-11,-35,8,-9,-29,9
upup(15), -11,-35,8,-9,-29,9,-7,-27,11,-6,-28,11,-7,-29,12,-14,-41,15,-7,-37,33,-3,-10,-3,-14,-18,6,-19,-46,31,-17,-25,-4,-8,0,-1,-14,-20,10,-15,-29,9,-13,-36,7
upup(16), -15,-29,9,-13,-36,7,-15,-36,10,-11,-29,13,-9,-26,11,-8,-26,10,-10,-30,13,-13,-43,32,-5,-27,11,-5,16,-11,-19,-23,16,-27,-41,30,-22,-33,0,-7,0,-1,-11,-19,12,-16,-26,10
upup(14), -6,-28,12,-8,-34,15,-10,-40,28,-2,-22,1,-9,8,-4,-23,-28,13,-28,-46,35,-8,-11,-4,-6,-8,5,-13,-21,13,-17,-31,11,-14,-32,12,-11,-30,13,-9,-33,13
upup(15), -11,-30,13,-9,-33,13,-6,-29,13,-4,-28,13,-4,-28,12,-6,-29,12,-17,-39,17,-4,-31,19,1,10,-2,-12,-35,17,-20,-51,36,-13,-31,3,-5,4,-3,-10,-20,7,-15,-30,11
upup(12), -7,-29,13,-6,-39,24,-5,-28,3,-4,5,0,-17,-27,15,-19,-39,27,-10,-22,3,-9,-11,6,-13,-25,9,-14,-28,11,-10,-31,10,-10,-34,11
upup(13), -10,-31,10,-10,-34,11,-7,-31,10,-6,-28,10,-7,-30,11,-19,-38,16,-4,-37,25,-3,-13,0,-13,-20,8,-16,-42,34,-23,-30,2,-11,-17,2,-9,-20,11
upup(13), -7,-33,15,-7,-36,21,-2,-38,12,-1,-2,-9,-21,-24,7,-24,-41,35,-13,-24,-6,-8,-13,6,-11,-20,9,-14,-29,9,-11,-33,9,-10,-33,11,-8,-30,11
upup(14), -6,-28,12,-7,-28,11,-16,-39,19,-7,-38,32,0,-12,-1,-11,-24,9,-18,-42,38,-19,-34,2,-4,-2,1,-9,-24,11,-14,-32,13,-11,-31,9,-9,-32,10,-8,-30,13
upup(12), -7,-29,12,-6,-29,12,-11,-31,14,-11,-35,22,-2,-31,11,-3,6,-5,-21,-26,13,-26,-44,31,-10,-23,-1,-8,-10,6,-14,-19,11,-14,-28,13
upup(13), -14,-19,11,-14,-28,13,-12,-31,13,-11,-34,14,-8,-30,13,-11,-32,14,-11,-35,21,-2,-26,3,-5,-3,1,-20,-27,13,-17,-39,30,-10,-21,2,-6,-16,8
upup(14), -7,-28,13,-7,-27,13,-12,-33,18,-12,-41,24,-1,0,-7,-17,-31,17,-20,-42,29,-11,-34,1,-3,0,-1,-10,-24,13,-14,-34,16,-11,-33,12,-7,-30,13,-5,-29,12
upup(14), -5,-28,12,-5,-28,12,-7,-30,15,-17,-40,21,-1,-34,21,-1,0,-3,-18,-32,13,-23,-46,28,-12,-22,-5,-7,-13,12,-12,-26,14,-15,-34,15,-12,-32,11,-9,-31,12
upup(15), -12,-32,11,-9,-31,12,-7,-29,13,-6,-28,12,-6,-30,13,-16,-35,14,-4,-39,33,-2,-17,1,-13,-20,17,-16,-49,29,-16,-37,0,-4,0,4,-9,-21,9,-16,-31,9,-12,-35,9
upup(13), -12,-35,9,-11,-32,9,-7,-31,10,-5,-28,10,-10,-31,16,-7,-39,27,0,-22,-4,-3,2,3,-14,-30,20,-22,-44,17,-1,-5,1,-6,-17,9,-12,-28,11
upup(12), -6,-17,9,-12,-28,11,-13,-34,7,-11,-37,9,-8,-32,11,-4,-28,9,-13,-38,15,-4,-44,32,0,-17,2,-11,-7,7,-15,-30,16,-20,-36,12
upup(14), -7,-29,14,-5,-32,12,-6,-35,14,-5,-42,27,-7,-29,14,-3,0,-8,-28,-36,17,-29,-50,25,0,-2,-10,-5,-15,7,-17,-25,9,-15,-35,8,-9,-38,6,-9,-37,11
upup(13), -9,-38,6,-9,-37,11,-6,-30,12,-5,-30,12,-11,-36,12,-12,-37,24,-2,-21,5,-6,5,-3,-20,-24,13,-23,-38,10,1,-4,-3,-8,-19,8,-13,-31,15
upup(13), -13,-38,22,-1,-35,26,-2,-16,-2,-17,-29,10,-23,-42,31,-23,-34,3,-5,-4,1,-10,-21,13,-14,-30,11,-11,-38,12,-10,-34,13,-7,-29,12,-5,-27,12
upup(15), -7,-29,12,-5,-27,12,-8,-31,10,-15,-40,23,-2,-34,18,2,-4,-7,-20,-31,14,-22,-43,30,-27,-34,8,-3,-1,-1,-12,-21,11,-14,-27,7,-11,-37,9,-10,-37,11,-8,-32,12
upup(15), -10,-37,11,-8,-32,12,-5,-30,12,-9,-32,11,-7,-41,24,-5,-25,9,-6,6,-3,-15,-20,14,-27,-45,15,-1,-9,-1,-2,-17,10,-13,-30,12,-14,-37,13,-9,-32,13,-8,-29,14
upup(14), -9,-32,13,-8,-29,14,-5,-28,11,-3,-28,11,-10,-37,14,-16,-41,25,7,-27,13,-2,5,-10,-24,-23,11,-23,-40,19,-7,-24,-2,-5,-14,6,-12,-28,19,-15,-36,16
upup(15), -15,-35,12,-13,-34,14,-9,-30,13,-6,-28,12,-6,-29,10,-14,-32,12,-8,-39,32,-7,-16,1,-4,10,-4,-15,-22,12,-23,-46,20,-5,-15,-3,0,-19,12,-10,-27,14,-13,-36,12
upup(14), -10,-27,14,-13,-36,12,-8,-34,12,-7,-30,12,-5,-29,13,-4,-30,13,-14,-36,14,-4,-41,34,0,-14,0,-14,-23,17,-15,-41,23,-24,-39,6,-2,-15,12,-5,-18,18
upup(14), -4,-28,12,-10,-37,15,-9,-37,23,-1,-16,0,-11,-26,16,-13,-39,27,-16,-33,-2,2,-18,8,-11,-24,16,-10,-29,8,-8,-34,9,-6,-35,12,-6,-32,13,-3,-30,12
upup(13), -3,-30,12,-3,-30,11,-12,-41,17,-6,-35,18,-1,-8,-3,-16,-31,16,-17,-48,29,-14,-27,-2,0,-18,8,-9,-20,13,-9,-34,8,-10,-40,9,-7,-35,11
upup(13), -10,-40,9,-7,-35,11,-4,-28,12,-2,-28,11,-4,-34,9,-13,-39,13,0,-41,33,-7,-18,1,-12,-20,11,-13,-40,27,-24,-29,-6,-10,-8,4,-3,-20,8
upup(14), -5,-30,14,-10,-38,15,-2,-35,19,-6,-12,4,-12,-28,15,-13,-47,31,-23,-34,2,0,-6,4,-7,-21,11,-12,-36,12,-9,-39,9,-7,-32,11,-4,-28,12,-3,-28,11
upup(14), -4,-28,12,-3,-28,11,-7,-35,15,-8,-42,28,-7,-31,12,0,1,-3,-19,-26,4,-30,-48,14,-5,13,-9,-2,-23,12,-11,-28,10,-9,-42,7,-9,-40,11,-5,-30,10
upup(12), -9,-40,11,-5,-30,10,-3,-28,11,-2,-31,10,-7,-40,11,-3,-43,25,-9,-15,0,-10,-10,10,-7,-31,17,-30,-45,3,-2,-7,4,-4,-19,12
upup(12), -6,-34,10,-7,-43,22,-6,-25,8,-3,-4,1,-17,-27,11,-21,-35,22,-10,-6,-5,-1,-19,12,-8,-26,9,-8,-41,6,-9,-39,8,-5,-31,10
upup(13), -9,-39,8,-5,-31,10,-2,-28,10,-3,-35,9,-12,-39,15,-3,-35,21,-2,2,-8,-5,-21,11,-18,-40,26,-26,-42,2,-1,-15,7,-4,-17,16,-11,-26,11
upup(12), -11,-40,15,-7,-37,23,-2,-8,-5,-12,-25,11,-17,-40,29,-23,-36,10,-3,-8,5,-7,-21,13,-12,-32,15,-10,-34,13,-7,-33,13,-4,-30,14
upup(16), -4,-30,14,-2,-28,14,-4,-31,13,-13,-37,14,-9,-42,33,-1,-15,-2,-9,-4,8,-13,-32,27,-24,-32,-3,-5,2,-2,-2,-16,11,-12,-29,14,-12,-38,13,-8,-38,15,-7,-32,13,-7,-28,12
upup(11), -7,-32,13,-7,-28,12,-7,-25,12,-8,-24,15,-9,-24,15,-11,-24,11,-17,-29,39,-19,-26,29,-10,-10,0,-32,-24,23,-33,-23,24
upup(12), -19,-21,12,-19,-18,12,-14,-29,24,-22,-24,18,-11,16,-12,-27,-22,24,-31,-16,21,-18,-4,-2,-26,-17,15,-23,-20,8,-23,-22,9,-22,-19,11
upup(12), -20,-19,13,-19,-17,13,-18,-28,29,-20,-25,23,-10,19,-12,-21,-19,15,-19,-38,44,-19,-12,4,-27,-22,12,-23,-20,13,-21,-20,15,-22,-17,10
upup(11), -21,-20,15,-22,-17,10,-22,-18,15,-22,-17,15,-21,-16,14,-21,-12,14,-19,-28,34,-21,-22,24,-17,9,2,-25,-19,16,-23,-23,28
upup(12), -21,-16,16,-19,-17,16,-20,-27,40,-20,-15,13,-26,-9,10,-16,-22,29,-32,-22,30,-18,-5,1,-28,-18,14,-24,-20,12,-23,-18,12,-23,-16,12
upup(14), -21,-18,17,-19,-18,16,-19,-19,21,-22,-29,35,-14,-12,5,-28,-18,16,-20,-28,35,-26,-19,13,-21,-8,2,-27,-10,12,-25,-24,14,-25,-17,9,-24,-15,10,-24,-16,12
upup(13), -22,-16,12,-21,-18,14,-18,-19,16,-19,-22,26,-22,-27,33,-13,-6,0,-29,-25,22,-30,-26,30,-11,0,-10,-29,-14,13,-20,-9,7,-20,-21,24,-20,-21,20
upup(16), -18,-17,17,-17,-16,17,-17,-18,22,-19,-30,40,-18,-21,19,-16,16,-13,-20,-21,24,-24,-31,46,-13,-17,6,-19,3,-5,-28,-12,19,-24,-25,17,-21,-18,14,-21,-16,15,-21,-17,18,-20,-17,16
upup(15), -19,-17,17,-17,-17,18,-17,-25,33,-17,-18,17,-13,16,-13,-21,-22,23,-26,-32,51,-13,-20,14,-14,0,-12,-31,-17,17,-21,-16,11,-23,-17,10,-21,-19,12,-19,-21,17,-18,-21,18
upup(13), -16,-20,19,-16,-18,17,-16,-24,30,-18,-22,31,-17,7,-6,-18,-17,9,-16,-31,42,-21,-29,37,-6,4,-12,-25,-19,12,-17,-25,19,-19,-23,20,-17,-21,16
upup(12), -15,-20,21,-14,-20,19,-15,-23,26,-18,-23,34,-14,-9,-4,-20,-10,3,-16,-24,36,-20,-28,44,-13,-9,-6,-22,-14,9,-22,-20,20,-19,-20,14
upup(13), -14,-19,17,-14,-24,27,-18,-26,27,-12,-7,-3,-20,-17,14,-22,-33,55,-11,-15,-2,-18,-10,0,-21,-20,16,-20,-22,20,-17,-21,17,-17,-20,17,-17,-20,18
upup(15), -15,-20,17,-15,-20,16,-14,-22,22,-13,-22,21,-13,-22,21,-23,-29,25,-4,-32,36,-2,-6,-5,-10,-24,14,-26,-27,13,-11,-5,3,-2,-35,29,-12,-24,21,-3,-33,14,2,-32,18
upup(12), 0,-30,15,-5,-25,19,-6,-27,25,4,-28,28,-12,-22,10,-2,-15,8,-28,-35,39,0,-9,-2,-9,-15,15,-16,-28,21,-10,-23,18,-8,-27,14
upup(13), -9,-28,19,-17,-31,26,-3,-30,28,0,-14,-3,-10,-20,11,-16,-27,25,-27,-29,17,-2,0,-1,-8,-19,19,-14,-25,19,-12,-27,19,-11,-27,21,-9,-28,22
upup(14), -11,-29,20,-13,-26,26,-5,-27,27,2,7,-11,-19,-29,25,-25,-41,43,-6,-11,-13,-4,-7,3,-13,-25,20,-13,-27,19,-12,-29,16,-11,-29,19,-10,-26,17,-8,-25,17
upup(13), -6,-25,18,-7,-25,19,-16,-37,26,-6,-24,16,7,15,-5,-19,-28,27,-22,-34,28,0,-15,-1,-6,-20,14,-14,-26,21,-15,-30,16,-11,-30,14,-8,-29,15
upup(12), -5,-26,16,-6,-26,17,-12,-26,21,-13,-31,28,0,-20,13,-4,-21,13,-23,-31,31,-15,-29,18,3,4,-6,-10,-28,22,-14,-26,17,-11,-29,15
upup(14), -4,-25,18,-6,-25,19,-19,-36,27,-9,-33,36,11,-7,-7,-22,-22,19,-23,-40,39,-12,-34,-4,-1,-8,9,-13,-23,19,-16,-28,16,-12,-31,14,-10,-30,17,-9,-27,16
upup(15), -5,-26,17,-6,-26,17,-14,-31,21,-8,-41,38,5,-13,6,-12,-20,15,-17,-40,32,-17,-33,14,0,2,-9,-9,-24,17,-14,-28,18,-13,-30,16,-9,-29,17,-8,-26,17,-6,-26,16
upup(14), -5,-26,16,-5,-25,16,-10,-28,20,-18,-33,27,-4,-27,16,6,8,-4,-20,-24,19,-24,-40,29,0,-13,-3,-5,-20,18,-15,-28,20,-15,-31,15,-10,-31,14,-8,-29,18
upup(14), -12,-30,19,-15,-30,31,-4,-26,18,1,-1,-5,-10,-24,16,-31,-42,32,-22,-38,17,5,4,3,-6,-16,13,-11,-30,17,-14,-34,18,-12,-30,17,-9,-27,18,-8,-25,17
upup(14), -7,-25,16,-9,-27,17,-16,-33,23,-6,-32,34,0,-11,-1,-13,-25,18,-26,-39,38,-18,-28,9,1,5,-2,-13,-22,19,-12,-30,17,-12,-28,18,-10,-28,19,-9,-27,19
upup(12), -6,-24,19,-6,-26,17,-11,-30,19,-19,-31,31,12,-14,-2,0,7,-3,-13,-26,30,-22,-36,23,-3,-19,6,-10,-16,14,-13,-26,18,-14,-27,17
upup(11), -15,-31,22,-7,-34,33,1,-18,8,-20,-30,19,-22,-38,32,-13,-26,2,-3,-16,12,-9,-27,18,-14,-32,14,-11,-32,16,-9,-28,17
upup(14), -11,-32,16,-9,-28,17,-8,-25,16,-6,-26,17,-6,-26,17,-13,-31,22,-11,-43,34,5,-14,6,-16,-29,18,-21,-38,33,-7,-20,-3,-3,-20,8,-13,-31,18,-12,-32,16
upup(15), -12,-32,16,-9,-31,15,-7,-28,16,-7,-26,16,-6,-27,15,-10,-30,20,-13,-39,43,0,-25,5,2,15,-8,-23,-26,19,-23,-37,35,-3,-22,-8,-9,-20,8,-14,-27,20,-15,-28,16
upup(15), -14,-27,20,-15,-28,16,-12,-30,16,-11,-28,16,-9,-26,16,-8,-24,16,-16,-29,20,-15,-43,36,10,-10,-5,-14,-22,16,-21,-41,41,-12,-39,13,4,11,-9,-15,-25,23,-13,-22,13
upup(11), 0,-13,1,-2,1,-1,-14,-40,37,-15,-29,8,-2,4,-6,-11,-27,22,-13,-25,14,-12,-29,13,-9,-32,15,-9,-30,16,-8,-27,16
upup(14), -8,-27,16,-7,-26,16,-17,-31,19,-15,-38,38,0,-15,7,-3,5,0,-15,-28,24,-24,-34,15,2,6,-5,-10,-28,22,-13,-30,18,-13,-29,15,-9,-29,16,-9,-26,19
upup(12), -9,-26,19,-8,-23,18,-8,-27,19,-13,-34,21,-12,-31,30,-2,-12,-3,-9,-2,0,-13,-26,27,-23,-37,24,2,-4,-5,-7,-18,14,-12,-27,18
upup(14), -13,-31,18,-14,-33,26,-5,-32,32,4,-3,-13,-21,-31,16,-25,-47,39,-12,-27,3,0,1,4,-11,-21,16,-14,-33,18,-15,-32,15,-11,-28,16,-10,-26,17,-9,-26,17
upup(13), -7,-26,16,-9,-27,18,-17,-28,21,-8,-39,38,9,0,-5,-21,-36,21,-25,-41,33,-3,-17,-5,-5,-18,11,-12,-27,20,-15,-32,18,-12,-28,16,-9,-26,17
upup(14), -7,-25,17,-7,-27,16,-10,-25,16,-16,-37,27,-7,-36,31,12,-5,-10,-18,-33,20,-25,-44,34,-5,-24,-6,-2,-12,2,-9,-33,13,-13,-31,11,-11,-34,11,-9,-31,13
upup(14), -6,-27,15,-6,-29,16,-25,-33,25,-2,-27,24,10,3,-10,-21,-36,21,-24,-40,35,-9,-30,3,-6,-6,5,-12,-29,20,-15,-31,15,-11,-30,14,-8,-28,16,-8,-25,15
upup(13), -7,-26,16,-7,-28,17,-10,-30,21,-14,-37,29,0,-17,2,-3,16,-3,-19,-30,27,-22,-42,25,0,-15,0,-7,-22,14,-14,-30,16,-14,-30,12,-11,-31,15
upup(15), -14,-30,12,-11,-31,15,-9,-29,17,-8,-25,15,-7,-26,16,-15,-33,19,-10,-38,37,3,-19,1,-15,-21,17,-22,-44,37,-15,-34,9,-2,-11,3,-13,-25,15,-14,-28,15,-13,-30,17
upup(14), -13,-30,17,-11,-30,17,-9,-26,16,-7,-26,16,-8,-26,16,-18,-34,22,-7,-32,24,3,17,-5,-17,-34,17,-27,-43,33,-8,-22,-4,-3,9,-4,-8,-25,18,-14,-27,18
upup(13), -8,-25,18,-14,-27,18,-14,-31,16,-11,-30,18,-9,-26,18,-9,-25,17,-18,-36,27,-3,-31,20,6,-1,-10,-23,-35,23,-24,-40,30,-9,-26,-2,-10,-21,12
upup(15), -11,-24,18,-9,-24,19,-11,-29,19,-9,-26,15,-12,-21,20,-12,-38,49,0,-21,3,-13,-19,19,-21,-45,41,-8,-29,3,-7,-15,12,-17,-27,23,-17,-31,16,-15,-29,14,-12,-28,16


clap2(14), 0,-22,-23,0,-24,-22,0,-27,-18,0,-24,-21,5,-30,-23,-4,-36,-11,-14,-28,2,-6,-18,-28,-17,-19,-6,-26,-10,15,-15,-19,-27,-17,-16,-14,-17,-22,-17,-21,-25,-28
clap2(12), -30,-7,-15,-26,-8,-6,-15,-29,-33,-21,-6,-7,-27,5,2,-4,-50,-62,-20,-8,-13,-29,-9,-13,-24,-15,-11,-23,-13,-20,-23,-11,-22,-24,-9,-22
clap2(13), -27,-7,-14,-29,-5,-10,-27,-4,-6,-17,-8,-44,-23,-8,-12,-24,3,-1,-14,-35,-45,-24,-10,-11,-27,-19,-22,-19,-14,-15,-26,-11,-11,-29,-13,-16,-22,-13,-15
clap2(11), -30,-4,0,-27,-6,6,9,-41,-57,-21,-18,-13,-26,-8,3,-17,-28,-26,-14,-20,-18,-9,-24,-16,-12,-28,-19,-8,-28,-18,-6,-26,-15
clap2(12), -7,-27,-16,-7,-27,-17,-6,-27,-20,-10,-30,-21,-20,-17,-9,-15,-13,-3,17,-56,-55,-20,-3,-8,-12,-12,0,-15,-16,-23,-7,-21,-25,-10,-20,-22
clap2(13), -8,-22,-25,-8,-23,-28,-14,-16,-21,-17,-11,-15,-19,-12,-7,6,-35,-74,-12,-16,-24,-12,-8,-4,-2,-28,-37,-8,-17,-21,-9,-21,-23,-10,-21,-23,-10,-19,-23
clap2(12), -10,-19,-23,-9,-20,-23,-9,-22,-27,-10,-22,-26,-17,-12,-16,-17,-8,-1,0,-36,-57,-17,-9,-12,-13,-5,-4,-11,-20,-29,-8,-19,-22,-9,-19,-23
clap2(14), -10,-21,-23,-10,-20,-22,-8,-22,-26,-11,-21,-24,-16,-14,-18,-21,-8,-1,-9,-16,-40,-17,-19,-22,-12,-7,-5,0,-40,-42,-9,-17,-22,-9,-20,-22,-10,-21,-23,-10,-20,-23
clap2(11), -10,-20,-22,-10,-20,-23,-10,-22,-26,-11,-22,-26,-17,-13,-16,-16,-9,-7,0,-36,-36,-14,-18,-19,-9,-9,-9,-11,-18,-27,-7,-21,-23
clap2(12), -10,-21,-22,-9,-22,-23,-9,-24,-28,-12,-21,-23,-16,-11,-12,-12,-11,-15,-13,-21,-28,-18,-4,-10,0,-39,-51,-12,-19,-22,-8,-23,-21,-9,-22,-23
clap2(13), -9,-22,-21,-8,-24,-22,-9,-23,-28,-12,-18,-22,-19,-9,-4,-16,-37,-20,-17,-15,-17,-17,-5,-11,8,-50,-36,-11,-17,-21,-9,-23,-22,-10,-20,-23,-9,-21,-22
clap2(11), -10,-20,-22,-9,-20,-22,-9,-24,-23,-12,-20,-21,-16,-15,-17,-12,-11,-10,-13,-18,-37,-18,-7,-14,-9,-25,-8,-14,-20,-19,-9,-20,-24
clap2(13), -10,-21,-22,-10,-20,-23,-7,-24,-31,-12,-20,-23,-18,-6,-9,-8,-17,-49,-14,-19,-18,-14,-9,-11,2,-42,-49,-12,-19,-22,-9,-20,-22,-10,-20,-23,-10,-21,-22
clap2(12), -10,-21,-22,-9,-21,-22,-8,-23,-27,-11,-22,-21,-17,-15,-16,-15,-11,-9,-11,-22,-39,-17,-7,-13,0,-23,-30,-14,-20,-21,-9,-22,-22,-10,-21,-23
clap2(14), -10,-21,-23,-9,-19,-23,-8,-21,-25,-6,-16,-28,0,-20,-42,-13,-29,-16,-25,-17,6,14,-35,-55,-21,-20,-1,-28,-3,15,-17,-19,-16,-19,-23,-20,-18,-24,-20,-16,-24,-15
clap2(14), -16,-24,-15,-16,-22,-15,-15,-22,-18,-9,-27,-29,-22,-27,-9,-25,-17,12,0,-24,-39,-28,-24,-4,-19,-21,8,-14,-15,-26,-16,-24,-12,-17,-23,-13,-19,-24,-14,-16,-25,-12
clap2(15), -19,-24,-14,-16,-25,-12,-12,-23,-13,-8,-25,-23,-13,-25,-20,-25,-28,1,-27,-22,24,-13,-14,4,10,-27,-47,-26,-16,-5,-2,-23,-14,-20,-21,-11,-14,-27,-15,-12,-26,-18,-10,-24,-15
clap2(14), -12,-26,-18,-10,-24,-15,-5,-24,-13,2,-23,-24,0,-29,-34,-20,-69,12,-14,-31,15,-12,-8,6,7,-6,-58,-25,-13,-11,-25,-13,0,-6,-29,-25,-14,-19,-19,-13,-24,-20
clap2(15), -13,-22,-19,-12,-20,-18,-4,-17,-27,-13,-30,-22,-21,-35,-4,-21,-16,8,-11,-14,-10,-17,-23,-20,-25,-14,-2,3,-33,-37,-14,-21,-15,-13,-25,-17,-15,-24,-17,-14,-24,-17,-12,-23,-16
clap2(14), -14,-24,-17,-12,-23,-16,-6,-19,-17,-3,-24,-28,-15,-36,-14,-20,-40,3,-19,-16,7,10,-12,-43,-24,-17,-5,-24,-14,-1,-10,-18,-27,-14,-23,-17,-13,-24,-19,-13,-24,-18
clap2(12), -12,-23,-17,-11,-23,-18,-5,-20,-24,-15,-31,-16,-21,-32,-8,-23,-15,6,-12,-11,-12,-19,-17,-17,-23,-14,-3,-6,-25,-24,-14,-21,-17,-15,-23,-19
clap2(13), -14,-22,-17,-13,-21,-17,-6,-19,-22,-11,-23,-14,-20,-41,-9,-23,-32,5,-16,-15,2,21,-35,-48,-22,-20,-9,-25,-11,-8,-20,-18,-14,-15,-27,-17,-14,-24,-19
clap2(14), -15,-22,-17,-14,-20,-16,-7,-19,-21,-10,-21,-19,-22,-41,-12,-22,-23,1,-15,-14,1,7,-35,-51,-23,-15,-8,-4,-20,-37,-20,-20,-14,-15,-25,-17,-15,-23,-19,-15,-22,-17
clap2(15), -15,-22,-17,-14,-22,-17,-12,-20,-18,-5,-18,-22,-14,-36,-18,-23,-39,-2,-19,-18,4,-13,-2,-11,-17,-11,-18,-30,-9,-1,18,-34,-32,-16,-22,-17,-14,-25,-17,-15,-23,-18,-14,-21,-18
clap2(14), -14,-21,-18,-12,-21,-17,-5,-19,-22,-8,-20,-18,-16,-44,-8,-24,-29,7,-14,-19,4,21,-29,-60,-24,-17,-5,-16,-13,-34,-21,-17,-16,-13,-27,-20,-13,-22,-20,-14,-22,-19
clap2(16), -14,-22,-19,-13,-20,-19,-8,-18,-20,-5,-19,-24,-14,-40,-16,-21,-39,-1,-20,-19,8,-1,-8,-49,-17,-9,-10,-29,-5,0,17,-43,-63,-19,-19,-16,-12,-26,-19,-14,-22,-21,-14,-22,-19,-13,-21,-18
clap2(16), -14,-22,-19,-13,-21,-18,-9,-19,-19,-2,-17,-25,-10,-30,-18,-16,-49,0,-21,-20,7,-10,-14,-4,-10,-18,-33,-26,-9,-6,5,-31,-59,-19,-18,-15,-15,-26,-18,-13,-23,-21,-14,-20,-19,-12,-20,-18
clap2(15), -14,-20,-19,-12,-20,-18,-5,-18,-19,-4,-21,-26,-15,-43,-17,-21,-37,-1,-19,-12,6,8,-7,-49,-22,-17,-5,-25,-8,3,24,-40,-52,-16,-20,-18,-13,-24,-19,-13,-22,-22,-12,-20,-20
clap2(14), -13,-22,-22,-12,-20,-20,-7,-17,-21,-7,-21,-24,-18,-35,-15,-22,-37,5,-20,-11,5,5,-7,-47,-23,-15,-7,-25,-12,1,-6,-29,-23,-13,-22,-23,-14,-20,-18,-14,-24,-21
clap2(14), -14,-20,-18,-14,-24,-21,-14,-20,-19,-9,-17,-21,-6,-15,-17,-18,-41,-12,-27,-39,8,-16,-18,4,22,-22,-56,-22,-18,-10,-21,-6,-1,-24,-5,-16,-12,-26,-23,-13,-19,-23
clap2(15), -12,-26,-23,-13,-19,-23,-13,-20,-19,-8,-18,-20,-6,-17,-21,-10,-29,-20,-16,-49,-6,-23,-21,6,-14,-16,1,-1,-25,-39,-25,-12,-5,-14,-12,-38,-22,-13,-13,-12,-27,-22,-12,-21,-23
clap2(15), -12,-27,-22,-12,-21,-23,-12,-19,-20,-5,-16,-20,-6,-22,-25,-15,-46,-14,-20,-36,1,-19,-14,5,8,-12,-46,-24,-12,-4,-27,-8,2,2,-34,-38,-15,-19,-20,-15,-21,-18,-14,-21,-19
clap2(15), -15,-21,-18,-14,-21,-19,-9,-18,-19,-1,-17,-23,-10,-30,-22,-18,-52,-7,-20,-25,2,-14,-15,4,27,-28,-51,-21,-16,-5,-26,-8,1,5,-40,-41,-13,-19,-23,-14,-20,-17,-9,-20,-22
clap2(16), -14,-20,-17,-9,-20,-22,-3,-17,-22,-10,-28,-25,-17,-49,-12,-19,-25,-1,-22,-7,3,-12,-2,-13,-23,-14,-18,-29,-10,-2,6,-24,-37,-20,-15,-14,-13,-25,-20,-11,-19,-22,-6,-17,-20,-8,-21,-22
clap2(13), -6,-17,-20,-8,-21,-22,-18,-41,-14,-18,-42,-4,-17,-15,-4,-20,-9,1,10,-17,-56,-21,-21,-8,-24,-11,2,-11,-20,-26,-13,-22,-20,-12,-22,-19,-7,-19,-22
clap2(26), -12,-22,-19,-7,-19,-22,-4,-16,-19,-8,-29,-23,-14,-49,-11,-17,-30,-3,-21,-10,3,-11,-7,-12,-15,-20,-22,-28,-12,-4,11,-21,-22,-21,-15,-13,-10,-27,-21,-5,-18,-21,-5,-17,-22,-14,-30,-18,-15,-51,-13,-16,-27,-6,-20,-10,-1,-11,-13,-7,-12,-22,-31,-24,-15,-9,-16,-10,-35,-21,-13,-15,-11,-26,-21,-7,-19,-22
clap2(14), -11,-26,-21,-7,-19,-22,-9,-29,-22,-14,-54,-6,-19,-30,-4,-20,-14,-2,-14,-17,1,8,-15,-41,-24,-13,-7,-23,-13,1,3,-27,-29,-14,-20,-20,-9,-21,-20,-5,-18,-22
clap2(14), -9,-21,-20,-5,-18,-22,-9,-24,-20,-16,-47,-15,-17,-36,-7,-21,-15,0,-13,-15,2,23,-38,-53,-23,-21,-8,-22,-9,4,-12,-22,-23,-14,-14,-23,-11,-21,-21,-4,-16,-24
clap2(15), -11,-21,-21,-4,-16,-24,-4,-16,-18,-14,-35,-21,-17,-49,-5,-20,-24,3,-16,-12,2,36,-35,-76,-20,-20,-6,-26,-6,7,-5,-19,-29,-13,-23,-18,-6,-19,-22,-5,-16,-19,-8,-26,-16
clap2(14), -5,-16,-19,-8,-26,-16,-13,-54,-6,-18,-39,-1,-18,-19,0,-18,-10,4,8,-24,-25,-23,-13,-6,-28,-8,5,5,-31,-32,-12,-20,-20,-8,-19,-20,-6,-19,-22,-8,-25,-17
clap2(13), -6,-19,-22,-8,-25,-17,-11,-45,-5,-18,-40,5,-18,-29,3,-17,-11,3,-11,-1,0,-21,-12,-11,-31,-5,0,25,-40,-44,-18,-20,-16,-11,-24,-21,-5,-19,-23
clap2(14), -11,-24,-21,-5,-19,-23,-5,-17,-17,-10,-29,-20,-15,-54,-1,-17,-37,2,-18,-15,2,-11,-13,-1,-4,-18,-42,-23,-20,-11,-21,-9,-2,-21,-9,-13,-9,-24,-24,-6,-16,-22
clap2(17), -9,-24,-24,-6,-16,-22,-2,-19,-20,-13,-41,-13,-17,-47,-17,-17,-29,-9,-22,-12,1,-11,-7,-11,-16,-18,-31,-29,-15,-5,-6,-15,-37,-21,-12,-11,-7,-28,-23,-4,-17,-21,-7,-25,-18,-13,-34,-11,-16,-43,-8
clap2(12), -13,-34,-11,-16,-43,-8,-16,-33,-5,-20,-14,1,-15,-15,-2,30,-37,-68,-18,-21,-12,-20,-19,2,-8,-20,-26,-8,-26,-21,-6,-17,-20,-11,-22,-16
clap2(14), -6,-17,-20,-11,-22,-16,-14,-33,-14,-14,-41,-8,-18,-37,-2,-21,-20,-1,-19,-12,2,16,-13,-11,-18,-23,-5,-31,-11,1,25,-37,-41,-8,-23,-18,-6,-20,-19,-7,-25,-17
clap2(12), -10,-36,-11,-13,-37,-9,-15,-32,-1,-19,-18,2,-16,-15,3,34,-34,-78,-18,-25,-9,-22,-14,6,-8,-17,-26,-5,-25,-20,-5,-18,-18,-8,-29,-16
clap2(12), -5,-18,-18,-8,-29,-16,-8,-33,-15,-14,-43,-11,-16,-38,-4,-18,-21,2,-14,-14,0,37,-44,-59,-17,-23,-8,-22,-15,1,-7,-13,-23,-7,-25,-19
clap2(13), -7,-13,-23,-7,-25,-19,-4,-18,-19,-6,-28,-16,-7,-34,-9,-18,-48,4,-16,-34,2,-16,-16,4,-9,-10,-8,-17,-17,-24,-29,-12,0,-21,-4,-12,-16,-11,-16
clap2(12), -21,-4,-12,-16,-11,-16,-5,-22,-18,-5,-19,-21,-7,-35,-14,-12,-46,-13,-18,-40,-2,-19,-21,1,-14,-14,0,31,-47,-57,-19,-24,-5,-15,-16,-2
clap2(11), -16,-44,-11,-18,-38,-1,-18,-18,0,-18,-12,0,21,-13,-45,-16,-19,-8,-24,-13,0,-3,-23,-24,-2,-18,-18,-5,-21,-16,-7,-31,-14
clap2(12), -5,-21,-16,-7,-31,-14,-10,-44,-10,-18,-42,2,-17,-28,3,-19,-13,3,-9,-13,-7,-5,-20,-36,-27,-17,-7,-19,-10,-19,-14,-14,-15,-3,-19,-18
clap2(11), -14,-14,-15,-3,-19,-18,-7,-26,-12,-11,-38,-8,-20,-44,1,-16,-33,5,-18,-17,4,-10,-13,-1,5,-29,-54,-24,-20,-9,-16,-10,-17
clap2(16), -24,-20,-9,-16,-10,-17,-13,-13,-14,-4,-19,-18,-6,-28,-17,-12,-43,-13,-20,-45,0,-18,-26,2,-19,-9,4,-8,-6,-14,-15,-17,-26,-25,-14,-3,-22,-14,21,-14,-17,-15,-2,-19,-18,-6,-26,-12
clap2(15), -2,-19,-18,-6,-26,-12,-10,-40,-12,-19,-47,1,-17,-30,2,-22,-11,5,-10,-10,-9,-6,-19,-33,-31,-15,-2,-17,-15,-10,-11,-13,-16,-3,-19,-15,-9,-33,-14,-14,-42,-6,-19,-45,6
clap2(14), -14,-42,-6,-19,-45,6,-15,-28,5,-19,-11,5,-8,-9,-11,-15,-20,-29,-29,-16,-4,-16,-11,-24,-11,-9,-16,-2,-22,-15,-6,-32,-14,-12,-47,-4,-19,-42,6,-15,-33,7
clap2(13), -19,-42,6,-15,-33,7,-17,-20,4,-15,-12,3,22,-38,-59,-18,-23,-11,-21,-11,1,1,-24,-32,-1,-22,-18,-7,-22,-16,-9,-38,-11,-12,-44,-7,-15,-42,2
clap2(11), -11,-8,-18,-4,-21,-17,-7,-30,-13,-14,-39,-7,-18,-45,3,-16,-35,5,-19,-17,6,-11,-22,3,25,-38,-59,-24,-24,-6,-15,-12,-5
clap2(15), -24,-24,-6,-15,-12,-5,-13,-9,-20,-1,-20,-17,-6,-24,-14,-10,-39,-10,-18,-50,1,-17,-35,8,-19,-16,7,-8,-11,-3,0,-22,-47,-26,-21,-9,-14,-12,-4,-10,-15,-24,-2,-18,-19
clap2(21), -10,-15,-24,-2,-18,-19,-5,-28,-15,-10,-42,-10,-18,-49,1,-17,-31,5,-16,-12,9,8,-8,-44,-15,-13,-16,-32,-14,0,15,-24,-62,-5,-11,-13,-4,-23,-14,-7,-41,-12,-14,-44,2,-17,-40,18,-17,-20,11,-14,-9,5,28,-19,-78,-20,-22,-5,-24,-14,0
clap2(12), -20,-22,-5,-24,-14,0,-3,-21,-16,-3,-21,-11,-7,-35,-14,-15,-52,7,-19,-39,12,-19,-16,10,-9,-16,2,7,-25,-48,-23,-21,-7,-12,-12,-8
clap2(18), -23,-21,-7,-12,-12,-8,-12,-8,-16,-2,-20,-15,-4,-25,-13,-8,-43,-7,-16,-50,4,-18,-33,8,-19,-15,8,-6,-12,-10,-18,-15,-19,-30,-11,-1,7,-24,-45,-8,-14,-15,-6,-22,-11,-10,-33,-14,-13,-41,1,-18,-45,14
clap2(20), -13,-41,1,-18,-45,14,-19,-27,9,-15,-11,5,14,-18,-32,-19,-20,-10,-32,-6,3,25,-41,-48,-2,-21,-16,-3,-20,-15,-5,-32,-17,-10,-48,-5,-18,-43,1,-16,-32,4,-18,-11,8,-8,-10,-5,-17,-16,-26,-27,-16,-6,-20,-15,-24,-16,-8,-11


waggle(17), 0,-22,-23,0,-21,-24,0,-24,-25,-1,-33,-3,-8,-46,27,-12,12,-14,-18,-3,-21,-14,-22,17,-17,4,-29,-21,-35,24,-24,-8,-18,-18,-28,-18,-19,-13,-16,-18,-19,-17,-14,-18,-19,-10,-20,-23,-7,-23,-26
waggle(19), -5,-21,-23,-5,-20,-23,-3,-20,-25,-1,-18,-25,-2,-19,-26,-1,-19,-26,14,-19,-26,-18,-20,-29,-3,-10,-23,-9,-81,6,-21,28,-13,-20,-7,-4,-25,20,-8,-22,4,6,-26,-3,22,-23,-3,-24,-21,-24,-18,-17,-8,-28,-17,-10,-26
waggle(17), -17,-12,-24,-18,-12,-25,-18,-9,-27,-21,1,-8,-22,-67,23,-26,37,-13,-28,2,-11,-35,33,-13,-26,6,21,-33,11,30,-20,-2,-20,-29,-24,-17,-24,0,-19,-26,-8,-18,-25,-7,-18,-25,-8,-18,-25,-7,-18
waggle(14), -24,-8,-19,-24,-8,-18,-29,7,-4,-23,-72,22,-27,45,-10,-32,-41,8,-34,46,-24,-30,-24,16,-30,-20,16,-23,-1,-25,-27,-12,-17,-23,-6,-19,-25,-9,-18,-25,-8,-18
waggle(15), -25,-8,-18,-27,-6,-19,-29,-28,21,-17,-33,46,-16,5,-8,-16,-52,9,-19,13,-28,-32,-45,23,-32,39,3,-24,-6,-16,-26,-14,-18,-26,-2,-17,-25,-8,-18,-26,-6,-18,-26,-5,-18
waggle(16), -25,-5,-19,-26,-7,-18,-28,7,-18,-27,-65,12,-30,49,-10,-27,-8,3,-31,6,13,-21,3,0,-22,-23,11,-22,2,-25,-28,-15,-14,-24,-6,-18,-25,-8,-17,-25,-9,-18,-25,-8,-17,-25,-8,-18
waggle(15), -25,-9,-18,-25,-8,-17,-26,2,-3,-19,-58,21,-21,13,-17,-33,-27,7,-36,33,1,-21,0,16,-24,-27,10,-22,0,-23,-28,-11,-14,-25,-7,-18,-26,-9,-17,-26,-8,-17,-26,-8,-16
waggle(14), -26,-8,-16,-26,-8,-17,-26,-5,-17,-26,-1,-28,-35,-50,15,-36,43,-11,-29,-21,22,-34,0,14,-24,-8,12,-24,-21,0,-26,-4,-15,-27,-11,-16,-26,-8,-16,-26,-10,-16
waggle(16), -26,-9,-15,-26,-10,-15,-26,-2,-16,-24,12,-2,-17,-51,12,-18,17,-18,-37,-58,16,-33,46,-10,-35,-27,22,-22,-21,9,-26,-2,-14,-28,-11,-17,-26,-3,-16,-26,-8,-17,-27,-7,-16,-27,-7,-16
waggle(14), -27,-7,-17,-27,-5,-16,-23,5,-2,-22,-62,13,-22,26,-17,-35,-32,15,-37,28,-9,-30,-25,28,-25,-18,15,-28,-2,-16,-29,-8,-14,-26,-2,-17,-27,-7,-16,-27,-6,-16
waggle(16), -27,-7,-16,-27,-6,-16,-26,14,-2,-26,-69,9,-29,41,-7,-35,-32,16,-27,-15,9,-24,16,-17,-39,-63,16,-35,29,0,-28,-6,-10,-27,-11,-17,-28,-3,-14,-27,-7,-15,-28,-6,-14,-28,-7,-15
waggle(17), -28,-6,-14,-28,-7,-14,-27,-4,-15,-20,10,12,-18,-25,21,-22,5,-6,-23,-65,3,-21,30,-22,-37,-60,10,-30,35,-8,-32,-12,-6,-26,0,-16,-27,-8,-17,-27,-7,-16,-27,-7,-16,-27,-6,-16,-27,-6,-16
waggle(16), -27,-7,-15,-27,-6,-16,-29,-3,-20,-30,-31,26,-20,-16,20,-18,13,-9,-18,-54,0,-18,21,-14,-24,-60,8,-27,20,-12,-30,-10,-8,-26,-9,-15,-28,-6,-14,-27,-8,-15,-28,-7,-14,-28,-8,-14
waggle(16), -27,-8,-15,-27,-8,-15,-26,-3,-18,-26,16,-1,-19,-40,0,-26,10,-12,-29,-62,4,-26,31,-15,-36,-45,9,-32,12,-4,-28,-10,-9,-26,-8,-16,-27,-5,-15,-27,-8,-16,-27,-7,-15,-27,-8,-15
waggle(17), -27,-6,-15,-27,-6,-14,-28,-6,-9,-26,-21,3,-30,-3,30,-24,-4,-12,-22,-34,1,-25,5,-9,-18,-66,3,-21,17,-10,-25,-23,-10,-27,-1,-14,-28,-10,-16,-28,-6,-15,-27,-6,-15,-28,-7,-15,-27,-6,-15
waggle(16), -28,-6,-15,-28,-4,-13,-26,-9,2,-24,-47,23,-22,17,-11,-30,-30,1,-29,23,-13,-29,0,27,-37,11,19,-28,4,0,-28,-16,-6,-28,-2,-11,-28,-9,-16,-28,-5,-14,-28,-6,-14,-28,-6,-13
waggle(16), -28,-6,-14,-29,-5,-13,-29,-6,-3,-26,-19,9,-25,6,-11,-30,-44,4,-26,16,-9,-32,-6,5,-39,8,14,-29,0,1,-28,-15,-7,-27,-3,-11,-28,-7,-17,-28,-5,-14,-28,-6,-13,-28,-7,-14
waggle(18), -28,-5,-14,-28,-5,-14,-29,-1,-7,-28,-42,4,-33,16,13,-29,-14,-15,-30,-61,10,-21,33,-15,-38,-52,13,-34,35,-7,-38,-27,8,-30,21,-10,-30,-11,-11,-28,-3,-15,-29,-7,-14,-28,-6,-14,-28,-5,-14,-28,-5,-13
waggle(17), -28,-5,-14,-28,-6,-14,-30,-8,-10,-26,4,-15,-27,8,-4,-18,-54,11,-23,13,-11,-35,-27,1,-32,27,-1,-30,-4,2,-27,-19,16,-24,5,-2,-26,-23,-8,-29,0,-11,-29,-9,-14,-29,-3,-13,-28,-7,-13
waggle(15), -28,-6,-14,-28,-6,-14,-30,2,-14,-33,-48,9,-35,33,-1,-32,-10,7,-32,5,6,-28,1,3,-21,-59,5,-19,24,-7,-26,-40,-8,-28,2,-12,-29,-8,-11,-28,-5,-14,-28,-7,-14
waggle(16), -28,-6,-14,-28,-7,-13,-31,3,-13,-30,-58,7,-29,36,-2,-31,-7,1,-23,-29,17,-24,7,-2,-19,-40,0,-25,8,-13,-30,-16,-13,-28,-3,-14,-28,-8,-14,-28,-6,-14,-28,-5,-14,-28,-7,-14
waggle(13), -28,-7,-14,-28,-6,-14,-29,-2,-12,-29,-30,11,-36,9,16,-24,1,-9,-25,-33,-5,-28,0,-11,-30,-11,-11,-28,-6,-14,-28,-8,-14,-28,-7,-13,-28,-7,-14
waggle(13), -28,-7,-14,-28,-7,-13,-29,0,-10,-32,-56,8,-33,35,-3,-33,-10,5,-31,-1,3,-25,0,11,-26,-21,1,-27,2,-11,-28,-12,-14,-28,-7,-14,-27,-11,-13
waggle(15), -27,-8,-14,-27,-9,-13,-28,-3,-9,-27,-12,-15,-28,-3,-14,-29,-7,-8,-23,-40,26,-25,1,-11,-31,-11,-13,-29,-14,5,-25,-6,-12,-25,-38,-5,-28,17,-15,-29,-8,-9,-27,-10,-15
waggle(17), -29,-8,-9,-27,-10,-15,-28,-5,-11,-28,-8,-13,-28,-7,-13,-30,-4,-13,-31,-30,5,-34,28,7,-26,-8,-1,-24,-28,4,-24,5,-11,-30,-50,0,-29,26,-13,-34,-24,-2,-28,2,-12,-28,-12,-11,-28,-9,-14
waggle(17), -28,-8,-14,-28,-6,-12,-25,-10,13,-29,-17,28,-22,1,-5,-21,-39,0,-23,10,-16,-31,-29,4,-33,7,3,-35,-14,4,-30,15,-9,-29,-14,-10,-27,-4,-15,-29,-6,-13,-28,-6,-13,-28,-6,-14,-28,-6,-15
waggle(19), -28,-6,-14,-28,-6,-15,-28,-3,-12,-31,-3,-11,-26,-60,10,-23,20,-12,-32,-9,1,-34,7,-2,-27,-2,11,-28,-18,9,-24,1,-6,-21,-38,-5,-25,7,-10,-29,-22,-11,-29,-2,-12,-29,-9,-13,-28,-6,-13,-29,-7,-13,-29,-6,-13
waggle(18), -29,-7,-13,-29,-6,-13,-28,0,-1,-21,-49,9,-24,11,-11,-33,-20,3,-33,11,0,-26,2,6,-21,-41,0,-21,12,-2,-24,-46,-1,-27,15,-12,-33,-20,1,-29,-5,-7,-28,-4,-9,-28,-11,-14,-29,-5,-12,-28,-8,-13
waggle(19), -28,-7,-14,-28,-7,-14,-29,-5,-11,-31,-8,-6,-28,-56,8,-23,18,-11,-31,-3,-8,-24,-48,3,-22,10,-5,-23,-50,-3,-27,14,-12,-31,-22,4,-31,-13,11,-26,-1,1,-27,-23,-4,-28,-2,-9,-30,-11,-10,-30,-6,-10,-29,-8,-11
waggle(16), -29,-8,-11,-30,-8,-10,-29,0,-9,-29,-1,-13,-29,-36,16,-28,14,-17,-31,-17,-7,-31,-4,2,-27,-5,-4,-26,-30,12,-28,18,-16,-31,-27,-4,-28,-4,-13,-30,-10,-8,-29,-10,-12,-30,-7,-9
waggle(14), -29,-9,-11,-29,-8,-11,-28,-2,-14,-29,-9,-15,-28,-44,0,-27,18,-18,-35,-54,6,-29,22,-14,-36,-33,7,-32,0,-5,-29,-5,-9,-28,-17,-11,-29,-4,-10,-29,-10,-11
waggle(16), -29,-9,-11,-29,-9,-12,-29,-5,-11,-27,13,-7,-18,-38,4,-23,18,-8,-31,-55,5,-30,30,-12,-36,-49,18,-35,10,3,-30,-8,-3,-29,-14,-10,-29,-3,-9,-29,-10,-12,-29,-7,-12,-29,-7,-11
waggle(16), -29,-8,-11,-30,-8,-10,-30,-1,-17,-28,-65,11,-21,25,-15,-34,-32,7,-29,17,-12,-34,-47,8,-32,23,-7,-34,-22,0,-30,-3,-7,-29,-5,-11,-29,-8,-13,-29,-5,-11,-29,-7,-12,-29,-6,-12
waggle(16), -29,-6,-12,-29,-6,-12,-26,12,0,-21,-40,6,-24,5,-1,-32,-40,9,-34,31,-9,-35,-37,16,-34,26,-6,-33,-30,3,-29,-11,1,-30,-11,-2,-30,-8,-7,-29,-9,-9,-29,-10,-10,-29,-9,-9
waggle(17), -29,-9,-10,-29,-9,-10,-28,-1,-6,-30,-36,6,-37,30,0,-33,-24,21,-35,-2,11,-28,-22,26,-33,-6,7,-26,-15,25,-28,-10,9,-26,-12,13,-29,-5,-6,-29,-11,-8,-29,-9,-10,-29,-8,-10,-29,-10,-11
waggle(18), -29,-10,-11,-28,-10,-11,-28,-14,-10,-28,-2,-11,-29,-4,-20,-31,-69,5,-29,36,-9,-33,-23,10,-32,25,-12,-35,-40,17,-32,24,-7,-33,-28,0,-30,10,-15,-31,-28,0,-29,-1,-8,-29,-9,-9,-28,-10,-12,-29,-9,-11
waggle(18), -28,-9,-12,-28,-8,-12,-27,1,-7,-24,-50,0,-26,11,-12,-28,-12,-14,-25,10,11,-31,0,9,-30,-8,11,-30,2,-16,-29,-11,16,-23,-21,0,-26,6,-5,-26,-34,-9,-28,0,-12,-29,-12,-11,-29,-8,-11,-28,-9,-13
waggle(17), -28,-9,-13,-29,-10,-10,-24,9,-13,-19,-36,20,-23,7,-9,-25,-40,4,-23,7,-23,-23,-53,-3,-27,6,-13,-33,-23,-6,-28,-32,17,-28,-4,2,-28,-11,-10,-28,-13,-10,-28,-10,-11,-28,-11,-12,-28,-9,-11
waggle(16), -28,-8,-12,-29,-9,-12,-30,-13,-10,-28,-2,-20,-32,-66,5,-28,2,-13,-28,-6,-12,-28,-2,-22,-26,-72,7,-26,22,-12,-30,-16,17,-29,-13,32,-24,-2,-5,-23,-24,-1,-26,-5,-12,-29,-18,-10
waggle(11), -26,-5,-12,-29,-18,-10,-28,-8,-11,-29,-11,-11,-28,-9,-12,-30,-11,-7,-24,-3,-25,-33,-38,14,-27,8,-13,-28,-7,-15,-27,-8,-18
waggle(19), -28,-7,-15,-27,-8,-18,-24,0,24,-24,-4,20,-24,-10,-13,-32,-34,2,-30,12,-11,-27,-6,17,-28,-14,17,-24,0,1,-23,-30,0,-22,8,-3,-28,-51,4,-30,27,-11,-31,-24,-4,-29,-9,-9,-28,-9,-12,-27,-10,-13,-28,-8,-13
waggle(18), -28,-8,-13,-28,-8,-13,-30,-8,-9,-25,-6,-18,-25,29,0,-20,-21,7,-27,10,-13,-28,7,-9,-20,-56,3,-28,20,-12,-28,-13,0,-28,-21,22,-21,-1,-2,-27,-34,0,-28,0,-10,-29,-13,-11,-28,-9,-12,-29,-8,-11
waggle(16), -29,-8,-11,-29,-8,-11,-32,-11,-12,-30,-22,-4,-23,-22,0,-23,11,-15,-23,14,-12,-29,-49,34,-23,45,-14,-23,-5,-7,-22,-32,8,-16,-48,3,-11,6,-43,-17,-24,6,-15,-28,-5,-16,-33,4
waggle(19), -15,-28,-5,-16,-33,4,-15,-25,-3,-12,-21,-17,-13,-26,-15,-14,-24,-16,-16,-44,7,-13,19,-17,-15,-17,5,-7,-55,0,-5,7,-24,-11,-59,1,-11,-5,-4,-11,-59,0,-9,-7,-23,-15,-35,-12,-14,-19,-17,-15,-26,-15,-14,-23,-15
waggle(17), -14,-23,-13,-14,-26,-14,-11,3,-30,-20,-40,9,-16,-9,-9,-15,-17,6,-12,-52,6,-9,9,-23,-18,-51,0,-14,-5,-8,-16,-42,0,-13,-19,-7,-15,-32,-7,-15,-27,-8,-15,-26,-9,-15,-26,-8,-14,-27,0
waggle(18), -15,-26,-8,-14,-27,0,-12,-47,-2,-6,13,-37,-13,-13,15,-12,-3,11,-11,-12,-6,-3,-56,-5,-7,-10,-6,-10,-62,5,-5,16,-28,-15,-46,-12,-10,8,-28,-14,-27,-20,-11,-14,-24,-11,-19,-24,-11,-17,-24,-11,-18,-23
waggle(19), -11,-18,-23,-11,-17,-23,-11,-23,-19,-10,-7,-16,-11,-10,-5,-10,-51,-4,-5,12,-39,-13,-34,10,-14,12,-13,-13,-28,3,-11,-27,1,-7,-8,-13,-7,-39,-12,-7,-3,-28,-12,-31,-22,-12,-14,-23,-13,-20,-23,-12,-18,-23,-11,-19,-23
waggle(13), -11,-19,-23,-12,-20,-23,-12,-10,-24,-11,-9,-26,-8,-8,-35,-12,-62,13,-14,21,-26,-19,1,-3,-19,-3,-14,-15,-32,14,-15,-24,13,-14,-18,-10,-11,-20,-15
waggle(20), -15,-23,-18,-13,-23,-16,-14,-25,-20,-13,-1,-29,-15,-77,7,-9,41,-32,-14,-41,7,-16,-2,-17,-16,-24,9,-11,-50,16,-8,12,-24,-15,-59,0,-11,-9,-3,-9,-48,0,-15,-26,-2,-16,-28,-5,-15,-27,-5,-14,-30,-9,-12,-28,-12,-12,-25,-12

random(20), -11,-28,-13,-16,-33,-13,-17,-32,-7,-17,-11,-8,-10,1,-17,-10,16,-20,-13,8,-10,-15,5,-38,-24,-2,-6,-19,36,-30,-18,-17,-20,-9,29,-15,-11,9,-11,-12,12,-3,-27,-3,-12,-41,-29,-34,-34,-16,-27,-20,-5,-12,-31,-14,-19,-23,-13,-15
random(22), -23,-13,-15,-24,-15,-16,-24,-12,-14,-23,-17,-16,-23,-16,-19,-34,-31,-36,-33,-32,-19,-20,-21,-3,-5,-2,-1,-3,39,-20,-15,-9,-9,-18,47,-27,-21,-14,-17,-16,31,-19,-7,8,-37,-8,8,-14,-11,26,-18,-9,27,-4,-15,1,-16,-25,-31,-22,-26,-24,-20,-23,-21,-24
random(19), -26,-24,-20,-23,-21,-24,-19,-21,-17,-19,-20,-16,-27,-20,-25,-28,-46,-24,-19,-35,-14,-14,-14,-5,-5,2,-11,-5,30,-21,-14,-2,-21,-15,28,-23,-9,-8,-43,-15,9,-18,-12,16,-35,-9,3,-15,-16,14,-23,-28,4,-22,-26,12,-29
random(16), -22,-1,-23,-21,-2,-21,-17,4,-19,-11,23,-32,-16,-11,-25,-18,32,-21,-12,-12,-34,-16,13,-17,-8,-3,-42,-6,21,-12,-26,-2,-20,-28,-9,-21,-21,-4,-26,-19,-3,-28,-23,-6,-25,-20,-7,-26
random(16), -20,-7,-26,-19,-6,-24,-17,-5,-22,-24,-1,-23,-30,-8,-21,-28,-8,-13,-14,-3,-16,-11,32,-33,-13,-9,-27,-18,27,-25,-13,-8,-28,-15,10,-16,-4,-8,-30,-15,40,-15,-20,12,-17,-22,0,-19
random(16), -20,-10,-21,-15,-8,-17,-7,16,-27,-15,0,-15,-14,16,-35,-18,-2,-13,-14,23,-29,-14,-8,-30,-8,26,-21,-13,5,-23,-24,-11,-18,-22,-8,-22,-24,-3,-22,-26,-5,-25,-25,-7,-27,-23,-7,-25
random(14), -23,-7,-25,-23,-7,-27,-24,-5,-26,-19,-2,-18,-14,8,-20,-9,14,-24,-14,7,-20,-8,-2,-39,-15,12,-18,-13,15,-38,-13,-4,-23,-10,22,-23,-7,4,-22,-11,0,-17
random(17), -20,-16,-34,-22,-21,-26,-23,-11,-18,-14,-4,-14,-4,10,-20,-10,30,-26,-11,-7,-29,-14,31,-24,-9,0,-33,-15,15,-17,-6,16,-41,-10,16,-13,-11,16,-19,-14,7,-13,-25,-2,-26,-25,0,-35,-20,-3,-32
random(13), -25,0,-35,-20,-3,-32,-17,-1,-31,-14,-2,-31,-14,0,-34,-17,-7,-30,-14,-9,-14,-6,19,-24,-9,43,-28,-15,-13,-26,-6,40,-28,-17,-6,-27,-14,1,-18
random(19), -20,-4,-26,-21,-4,-26,-21,-2,-29,-22,-1,-32,-23,-2,-26,-18,-9,-12,-9,4,-18,-7,25,-27,-14,-6,-19,-14,22,-30,-15,-3,-15,-11,27,-31,-14,-2,-21,-6,36,-27,-10,3,-23,-24,-4,-17,-25,-3,-22,-20,0,-29,-16,3,-27
random(21), -17,3,-27,-18,3,-29,-19,0,-29,-16,-5,-24,-11,0,-22,-8,38,-29,-15,-8,-21,-15,32,-22,-14,-3,-20,-13,31,-23,-11,-9,-22,-10,35,-21,-11,3,-19,-3,27,-5,-11,5,-5,-19,-32,-11,-7,-58,-17,-10,-40,-13,-5,-36,-4,-3,-33,-4,-3,-32,-7
random(18), -3,-33,-4,-3,-32,-7,-14,-53,-7,-13,-44,2,-16,-32,1,-15,-17,-4,-8,-2,-8,0,9,-14,-4,41,-26,-15,-1,-17,-15,34,-25,-13,-10,-27,-15,31,-22,-9,-11,-29,4,46,-10,-9,7,-3,-19,-19,-10,-24,-33,-16
random(20), -11,-48,-16,-19,-48,-9,-19,-27,-1,-16,-9,-3,-4,0,-9,-6,29,-23,-17,-3,-19,-13,30,-27,-18,-4,-17,-13,23,-27,-14,-3,-21,-5,30,-19,-7,16,-14,-15,2,-8,-21,-15,-13,-16,-31,-20,-8,-36,-24,-9,-35,-22,-6,-36,-19,-3,-31,-13
random(16), -15,-9,-8,-11,1,-13,-5,16,-21,-9,27,-23,-9,-6,-37,-13,25,-15,-8,9,-38,-13,30,-17,-7,5,-37,-5,18,-13,-8,23,-12,-12,13,-12,-17,-5,-15,-16,-34,-19,-11,-30,-26,-7,-34,-31
random(18), -14,-20,-8,-11,-6,-7,-5,3,-11,-9,30,-24,-17,-10,-11,-16,26,-33,-18,-8,-11,-13,33,-27,-12,-9,-21,-5,37,-20,-5,14,-14,-13,2,-8,-23,-10,-12,-23,-25,-22,-18,-13,-29,-12,-20,-36,-5,-25,-23,0,-28,-24
random(16), -9,11,-17,-12,22,-21,-12,-4,-30,-13,33,-28,-12,-4,-31,-14,20,-15,-6,15,-40,-14,-1,-10,-8,17,-13,-10,33,-17,-20,21,-22,-16,12,-30,-15,13,-21,-15,10,-29,-17,11,-26,-14,14,-16
random(12), -17,11,-26,-14,14,-16,-10,11,-17,-16,3,-9,-20,-11,-10,-11,-32,-15,-10,-56,-12,-8,-57,-10,-11,-55,-7,-14,-33,-4,-16,-14,-5,-11,0,-5
random(16), -16,-14,-5,-11,0,-5,-7,12,-15,-12,22,-22,-10,-5,-35,-14,29,-29,-11,-3,-29,-13,21,-17,-6,0,-41,-1,30,-13,-8,3,-5,-21,-12,-7,-29,-15,-16,-23,-15,-24,-16,-27,-23,-7,-31,-22
random(20), -16,-27,-23,-7,-31,-22,-3,-44,-15,-2,-29,-14,-8,-41,-18,-14,-52,-20,-16,-33,-10,-14,-12,-3,-8,5,-6,-12,20,-18,-18,-7,-18,-18,28,-30,-21,-8,-10,-18,23,-26,-17,-2,-28,-12,25,-21,-6,9,-17,-16,-6,0,-24,-14,-7,-26,-28,-14
>
