Left Hand, Seated, Watch Face on Top of Wrist, finger snap

snap(11), -14,-11,-25,-20,-3,-16,-27,-5,-10,-28,-16,-34,-24,-19,-22,-20,-2,-16,-18,0,-16,-35,-7,-25,-21,-11,-22,-25,-6,-20,-26,0,-18
snap(11), -27,-9,-19,-25,-12,-17,-27,-12,-24,-27,-10,-24,-19,-1,-10,-17,8,-6,-49,10,-8,-25,12,-3,-32,11,-6,-30,15,-3,-28,9,4
snap(11), -35,10,-7,-30,9,-6,-26,7,-5,-29,24,-1,-14,-41,-15,-26,-5,-8,-35,0,-8,-31,-8,-11,-30,-8,-14,-30,-3,-11,-30,-3,-12
snap(11), -29,-6,-13,-29,-4,-13,-30,-1,-11,-30,3,-9,-30,7,-9,-31,12,-6,-21,6,38,-23,-62,-9,-26,-9,-11,-29,-4,-11,-28,-4,-14
snap(12), -27,-11,-13,-26,-12,-13,-25,-16,-18,-22,-24,-19,-23,-7,-12,-27,15,-6,-30,23,-5,-26,25,-16,-12,14,-37,-29,-16,-11,-29,-5,-9,-29,-4,-10
snap(11), -28,10,-8,-30,18,-7,-28,24,-5,-27,-6,11,-21,-52,-13,-27,-13,-10,-28,-11,-9,-27,-12,-11,-27,-11,-11,-26,-13,-14,-27,-14,-16
snap(12), -26,-13,-14,-27,-14,-16,-25,-22,-15,-24,-21,-11,-25,1,-10,-29,17,-10,-29,18,-8,-22,16,-16,-14,-29,-11,-26,-7,-5,-29,-8,-12,-27,-10,-10
snap(11), -23,-26,-14,-20,-15,-9,-26,13,-8,-30,18,-7,-28,28,-10,-29,-7,-6,-25,-44,-2,-28,-14,-5,-28,-12,-4,-28,-16,-7,-27,-17,-8
snap(11), -27,-17,-8,-28,-17,-7,-23,-25,-10,-24,-28,-9,-25,-10,-9,-27,10,-7,-30,21,-5,-29,19,-12,-28,-2,-12,-30,-13,-7,-30,-6,-10
snap(11), -32,-9,-8,-26,-15,-12,-27,2,-8,-29,16,-10,-30,19,-7,-26,2,2,-26,-50,-5,-28,-18,-11,-29,-7,-9,-28,-7,-10,-28,-10,-12
snap(12), -28,-11,-11,-28,-12,-10,-28,-17,-11,-27,-19,-13,-26,-7,-12,-28,10,-9,-31,17,-6,-30,14,-9,-30,2,20,-27,-24,-10,-31,-4,-6,-31,-2,-7
snap(11), -28,-16,-10,-28,0,-9,-30,13,-8,-30,18,-8,-43,-1,40,-26,-46,-12,-29,-11,-14,-31,-2,-8,-29,-4,-10,-29,-7,-13,-29,-7,-12
snap(12), -29,-7,-12,-29,-8,-12,-29,-11,-14,-27,-7,-11,-28,10,-9,-30,12,-8,-30,16,-9,-28,-8,0,-28,-38,-15,-29,-9,-5,-30,-6,-8,-29,-8,-11
snap(11), -29,-13,-12,-28,-11,-12,-28,3,-10,-30,11,-8,-30,13,-7,-38,4,30,-21,-57,-15,-29,-15,-10,-29,-5,-8,-29,-4,-12,-29,-8,-12
snap(11), -30,-5,-11,-30,-7,-9,-28,-12,-14,-28,-3,-12,-30,6,-8,-30,11,-8,-29,17,-11,-23,17,-51,-29,-18,-12,-31,-2,-7,-30,-1,-7
snap(11), -29,11,-11,-30,12,-9,-29,23,-13,-3,27,-34,-25,-25,-10,-30,-6,-9,-29,-8,-9,-29,-10,-11,-29,-11,-12,-28,-10,-11,-29,-18,-9
snap(12), -28,-10,-11,-29,-18,-9,-24,-9,-14,-27,12,-10,-30,16,-9,-30,10,-8,-29,19,-16,-6,17,-30,-31,-19,-7,-30,-3,-10,-30,-2,-10,-30,-6,-12
snap(12), -28,-11,-11,-29,-12,-10,-28,-16,-8,-24,-8,-10,-26,11,-13,-30,18,-12,-29,20,-13,-9,16,30,-27,-28,2,-30,-6,-7,-30,-4,-7,-30,-9,-9
snap(12), -27,-15,-11,-27,-14,-9,-27,-17,-11,-27,-23,-12,-26,-12,-9,-28,8,-10,-30,13,-9,-30,15,-9,-20,4,34,-24,-69,-10,-28,-15,-8,-30,-7,-8
snap(12), -29,-15,-10,-28,-19,-8,-27,-8,-11,-27,8,-10,-30,17,-9,-26,30,-14,1,7,-22,-29,-34,1,-27,-10,-10,-29,-4,-8,-28,-11,-10,-27,-14,-11
snap(12), -28,-14,-10,-28,-13,-8,-28,-24,-12,-24,-18,-10,-25,8,-10,-30,18,-6,-29,18,-12,-2,30,-35,-29,-29,-4,-28,-12,-10,-29,-5,-9,-28,-11,-11
snap(13), -30,-9,-8,-29,-10,-9,-29,-20,-12,-26,-20,-9,-26,1,-10,-29,18,-9,-29,30,-14,-9,22,-24,-32,-32,-4,-30,-5,-7,-30,-3,-9,-29,-8,-12,-29,-10,-12
snap(12), -29,-9,-10,-29,-11,-12,-27,-27,-11,-25,-13,-10,-28,13,-8,-29,23,-5,-23,12,32,-24,-68,-8,-28,-14,-6,-30,-6,-7,-29,-8,-10,-29,-11,-11
snap(12), -29,-12,-10,-28,-12,-10,-25,-8,-11,-27,8,-10,-30,19,-8,-26,32,-15,-6,8,-18,-27,-28,-8,-28,-9,-10,-28,-7,-9,-28,-12,-11,-27,-14,-13
snap(11), -27,-14,-13,-27,-13,-12,-27,-17,-10,-25,-20,-12,-24,-11,-13,-25,9,-12,-30,21,-8,-25,21,-18,-17,11,-28,-27,-21,-4,-31,-8,-7
snap(13), -29,-19,-11,-25,-23,-7,-24,6,-10,-29,25,-10,-29,17,-8,-18,17,23,-25,-75,-3,-27,-23,-6,-30,-7,-6,-28,-8,-8,-28,-14,-11,-28,-11,-8,-27,-14,-11
snap(12), -28,-11,-8,-27,-14,-11,-28,-23,-10,-27,-17,-5,-26,-5,-7,-28,12,-8,-30,24,-6,-25,24,-10,-25,-37,-16,-26,-19,-10,-29,-2,-9,-30,-3,-10
snap(11), -29,-13,-9,-29,-11,-9,-30,-22,-8,-24,-20,-7,-27,6,-10,-32,17,-8,-29,7,-8,-23,6,-6,-26,-75,11,-27,-18,-2,-29,-11,-6
snap(12), -28,-12,-8,-28,-15,-9,-28,-19,-7,-27,-14,-6,-25,-5,-8,-28,19,-12,-29,15,-10,-28,20,-22,-22,-38,-9,-28,-24,-4,-30,-8,-8,-28,-11,-10
snap(12), -28,-21,-9,-25,-14,-6,-25,11,-10,-28,27,-10,-25,38,-18,5,-6,-14,-28,-28,-4,-26,-12,-11,-28,-8,-9,-28,-17,-10,-27,-16,-9,-27,-13,-9
snap(12), -27,-13,-9,-27,-14,-9,-28,-18,-10,-27,-18,-8,-25,-18,-6,-26,7,-11,-28,18,-14,-28,20,-19,-10,16,-18,-33,-31,0,-29,-12,-6,-29,-6,-9
snap(12), -29,-17,-8,-28,-18,-8,-26,-10,-7,-26,12,-15,-30,19,-15,-29,17,-17,-16,32,-39,-30,-29,-2,-29,-11,-6,-29,-5,-6,-28,-12,-9,-28,-15,-10
snap(13), -28,-15,-8,-28,-18,-7,-28,-11,-7,-28,-3,-8,-29,12,-11,-30,17,-11,-26,8,1,-29,-68,4,-27,-21,-6,-30,-5,-6,-29,-6,-10,-28,-13,-12,-29,-13,-10
snap(12), -29,-11,-8,-29,-12,-9,-30,-19,-10,-28,-17,-9,-28,0,-9,-29,13,-10,-27,27,-18,-2,5,-8,-29,-19,-3,-29,-6,-6,-28,-10,-7,-29,-17,-8
snap(13), -28,-15,-8,-28,-12,-7,-28,-15,-7,-29,-21,-7,-25,-23,-7,-27,2,-11,-29,16,-9,-30,13,31,-21,-62,-4,-28,-20,-8,-30,-3,-8,-29,-5,-10,-29,-7,-11
snap(11), -29,-10,-9,-28,-12,-10,-28,-17,-11,-29,-17,-11,-26,-16,-7,-29,3,-10,-30,14,-8,-32,19,-2,-25,-48,-2,-28,-13,-7,-29,-7,-10
snap(11), -30,-16,-11,-26,-22,-7,-26,10,-14,-29,19,-11,-25,10,33,-18,-70,-7,-28,-17,-8,-29,-5,-8,-28,-12,-11,-28,-13,-11,-28,-12,-10
snap(12), -28,-14,-10,-29,-19,-10,-28,-14,-9,-28,3,-11,-30,13,-10,-28,21,-16,-26,0,-50,-26,-23,2,-29,-9,-7,-28,-8,-6,-28,-16,-7,-28,-15,-7
snap(11), -28,-14,-8,-28,-15,-8,-28,-24,-6,-26,-7,-7,-25,11,-13,-30,17,-10,-27,20,-15,-16,-23,-6,-29,-18,-3,-29,-7,-8,-28,-10,-10
snap(12), -28,-13,-9,-30,-22,-10,-26,-15,-11,-26,6,-11,-30,18,-11,-29,19,-15,-3,29,-20,-30,-30,2,-27,-13,-9,-28,-6,-8,-27,-16,-10,-27,-16,-9
snap(12), -27,-14,-7,-27,-15,-8,-29,-26,-10,-25,-31,-8,-25,-3,-12,-29,17,-11,-29,24,-13,-18,12,-16,-25,-38,0,-27,-12,-8,-28,-6,-9,-27,-14,-10
snap(12), -28,-13,-9,-28,-14,-9,-28,-22,-10,-24,-24,-5,-27,5,-8,-30,6,-11,-29,16,-11,-29,23,-15,-13,15,-11,-28,-26,-2,-28,-12,-11,-27,-12,-11
snap(12), -29,-26,-12,-27,-24,-9,-26,0,-11,-28,18,-10,-28,28,-13,-22,6,21,-17,-43,-4,-28,-15,-6,-27,-10,-7,-27,-15,-8,-26,-16,-8,-26,-16,-10
snap(13), -26,-16,-10,-27,-16,-9,-27,-25,-10,-25,-28,-9,-25,-5,-11,-29,14,-10,-27,24,-12,-32,-13,19,-19,-62,1,-26,-16,-5,-27,-10,-8,-27,-17,-9,-26,-18,-9
snap(13), -27,-17,-9,-26,-18,-9,-26,-15,-8,-27,-16,-8,-26,-20,-10,-27,-27,-9,-23,-10,-10,-29,14,-15,-29,18,-11,-30,1,-8,-22,-63,-3,-26,-18,-8,-27,-9,-7
snap(12), -26,-19,-8,-24,-28,-11,-21,-13,-12,-27,12,-12,-30,12,-9,-28,9,4,-26,-49,-1,-27,-24,-6,-29,-5,-9,-28,-8,-12,-28,-12,-12,-29,-11,-11
snap(12), -29,-8,-10,-28,-10,-11,-28,-17,-11,-28,-14,-12,-24,-10,-15,-29,10,-9,-30,13,-10,-22,23,-18,-3,-14,-4,-20,-17,-3,-31,-1,-8,-27,-9,-9
snap(12), -25,-15,-10,-24,-16,-11,-23,-34,-6,-20,-23,-16,-22,-13,-11,-29,1,-11,-30,12,-11,-16,15,25,-19,-71,-6,-24,-23,-9,-27,-9,-10,-25,-15,-13
snap(11), -22,-25,-13,-21,-23,-10,-23,6,-13,-28,21,-11,-24,25,-14,-6,-3,29,-17,-35,0,-23,-19,-8,-25,-13,-6,-24,-21,-8,-23,-21,-9
snap(13), -23,-20,-9,-23,-21,-9,-25,-37,-10,-21,-39,-7,-19,-8,-12,-27,17,-16,-29,15,-9,-25,25,8,-24,-50,-1,-24,-17,-12,-26,-7,-11,-25,-17,-13,-24,-20,-13
snap(11), -24,-18,-9,-22,-20,-11,-21,-34,-7,-18,-25,-8,-25,-2,-11,-29,0,-13,-29,0,-19,-10,6,-30,-24,-9,-4,-28,-3,-8,-25,-16,-11
snap(12), -27,-14,-11,-27,-10,-11,-26,-15,-9,-21,-26,-10,-22,-29,-6,-23,4,-12,-31,21,-12,-24,16,-7,-19,-29,-37,-24,-11,-12,-30,-6,-6,-28,-12,-4
>
