Left Hand, Seated, Watch Face on Top of Wrist, Rotate write back and forth quickly

waggle(16), -3,-5,-35,-1,-6,-38,-8,-3,-31,-16,-13,-1,-10,-25,14,-9,16,-43,-18,7,-27,-13,-8,0,-12,7,-35,-16,-23,-16,-20,0,-20,-11,-8,-29,-10,-9,-35,-10,-4,-31,-10,-1,-31,-12,-1,-30
waggle(15), -7,-4,-29,-5,-6,-34,-5,4,-34,-11,-35,-7,-13,25,0,-4,-4,-35,-9,-40,-3,-12,21,-37,-18,-16,-16,-17,-4,-15,-10,-1,-32,-10,-5,-30,-6,-6,-32,-2,-9,-35,-4,-8,-31
waggle(17), -5,-8,-30,-6,-7,-28,-4,-8,-32,-4,-7,-32,-8,-10,-28,-8,-40,-15,-13,36,-27,-12,14,-31,-7,-28,6,-10,14,-40,-17,-15,-11,-21,0,0,-10,7,-35,-14,-5,-21,-9,-13,-28,-8,-13,-31,-7,-11,-30
waggle(17), -8,-8,-30,-8,-9,-30,-9,-2,-30,-8,5,-36,-14,-18,6,-12,4,0,-8,11,-37,-11,-48,1,-20,30,-11,-14,15,-15,-15,-32,0,-17,16,-24,-14,-5,-25,-11,4,-28,-5,-6,-36,-7,-5,-32,-7,-3,-30
waggle(15), -7,-3,-31,-6,-3,-31,-7,0,-30,-7,12,-41,-12,-69,27,-16,33,-10,-13,26,-31,-15,-30,16,-16,16,-22,-7,-43,-12,-12,-2,-23,-9,-14,-31,-8,-5,-30,-7,-7,-32,-7,-7,-32
waggle(14), -7,-7,-30,-7,-7,-30,-8,8,-34,-9,4,-36,-12,-52,5,-20,52,-15,-12,0,-21,-12,-23,-2,-13,11,-38,-12,-11,-22,-11,-8,-29,-10,-8,-26,-8,-6,-31,-8,-10,-31
waggle(14), -7,-8,-31,-8,-7,-30,-7,-11,-29,-7,-17,-27,-8,16,-32,-5,2,-37,-9,-56,-4,-16,37,-30,-16,-25,-3,-23,26,-11,-7,-1,-28,-7,-11,-35,-5,-11,-32,-6,-7,-29
waggle(12), -9,-7,-30,-6,1,-35,-12,-7,-10,-9,-16,-1,-13,9,-32,-15,-37,-11,-19,27,-21,-10,-1,-27,-9,-4,-29,-6,-9,-31,-6,-7,-29,-6,-6,-31
waggle(13), -6,-6,-30,-6,-7,-30,-7,-3,-32,-7,5,-35,-10,-52,-1,-16,35,-23,-14,-3,-11,-16,16,-17,-11,-9,-17,-13,-10,-22,-6,-10,-31,-6,-13,-34,-7,-9,-30
waggle(15), -6,-7,-30,-6,-8,-31,-7,-12,-31,-7,1,-32,-11,1,-21,-8,-15,-13,-12,18,-32,-11,-41,-8,-12,22,-40,-10,-47,-9,-14,7,-23,-7,-8,-30,-8,-8,-34,-8,-12,-32,-8,-6,-30
waggle(16), -8,-6,-30,-9,-8,-29,-8,-5,-31,-9,-9,-28,-8,3,-36,-11,-39,-6,-13,21,-11,-8,9,-32,-9,-34,-10,-12,3,-33,-10,-40,-13,-13,14,-30,-7,-19,-28,-11,-8,-30,-10,-10,-30,-9,-8,-29
waggle(16), -10,-8,-28,-11,-10,-28,-11,8,-31,-9,-49,-10,-15,14,-19,-8,1,-25,-12,-36,-6,-9,-5,-26,-9,-41,-6,-11,-5,-28,-10,-27,-18,-9,-23,-21,-11,-22,-20,-10,-20,-23,-11,-20,-23,-10,-20,-22
waggle(15), -10,-21,-22,-11,-22,-20,-9,5,-33,-13,-9,-11,-15,-3,-13,-8,9,-35,-10,-50,-4,-14,23,-26,-13,-6,-8,-15,-17,-15,-11,6,-33,-12,-13,-28,-11,-5,-29,-11,-8,-30,-11,-5,-29
waggle(14), -11,-6,-25,-12,1,-29,-13,0,-18,-6,-45,-6,-17,28,-30,-11,-4,-10,-16,-11,-9,-9,2,-35,-11,-45,-15,-14,9,-25,-11,-1,-30,-12,-5,-30,-12,-2,-29,-11,-3,-32
waggle(17), -11,-2,-29,-11,-2,-31,-12,-6,-30,-11,9,-32,-11,-43,-8,-18,24,-21,-11,5,-18,-14,-28,-4,-11,5,-33,-10,-55,-15,-14,19,-27,-12,-1,-30,-11,2,-31,-11,-2,-30,-12,0,-32,-12,-1,-31,-12,-1,-29
waggle(15), -12,-1,-29,-12,-1,-28,-12,4,-31,-12,-32,-6,-15,4,-7,-9,5,-25,-12,-45,-3,-11,16,-35,-10,-42,-8,-14,1,-18,-10,-5,-27,-11,-8,-30,-11,-10,-30,-11,-7,-30,-11,-8,-29
waggle(17), -11,-8,-29,-11,-6,-30,-12,-13,-19,-11,-30,-9,-9,15,-39,-15,-54,1,-14,20,-12,-13,1,-13,-16,-15,-6,-11,2,-31,-12,-26,-28,-11,-6,-27,-12,-12,-27,-12,-8,-29,-12,-10,-29,-12,-9,-28,-12,-9,-28
waggle(16), -11,-7,-29,-12,-6,-27,-11,11,-34,-13,-58,8,-16,23,-20,-13,8,-10,-17,-13,-5,-12,8,-24,-13,-38,-14,-13,6,-29,-13,-12,-28,-11,-2,-29,-11,-8,-30,-12,-6,-29,-12,-6,-29,-11,-6,-30
waggle(15), -11,-6,-30,-12,-7,-29,-11,-2,-30,-11,-7,-29,-12,-43,-9,-16,18,-17,-12,8,-26,-14,-45,-4,-14,32,-32,-14,-51,7,-17,10,-15,-10,-8,-19,-14,-16,-24,-11,-10,-28,-12,-11,-26
waggle(15), -12,-10,-28,-12,-11,-27,-11,2,-32,-12,-32,-4,-15,-2,-5,-10,14,-41,-12,-67,-5,-15,16,-27,-13,-54,-9,-15,0,-21,-12,-11,-28,-12,-8,-28,-12,-11,-28,-12,-8,-28,-12,-9,-28
waggle(15), -12,-10,-28,-12,-12,-28,-13,-1,-24,-11,-31,-8,-11,13,-36,-13,-63,2,-14,20,-25,-15,-23,-14,-17,20,-24,-11,-3,-28,-13,-7,-32,-11,-8,-28,-13,-6,-29,-12,-7,-30,-12,-8,-29
waggle(14), -12,-6,-29,-13,-7,-29,-12,-4,-31,-15,-31,-4,-18,7,-3,-8,8,-39,-10,-48,-15,-12,7,-28,-12,-26,-23,-12,-28,-16,-14,-19,-19,-13,-18,-23,-13,-15,-26,-12,-15,-26
waggle(17), -12,-15,-26,-13,-15,-25,-15,15,-24,-8,-1,-38,-14,-32,5,-20,17,-9,-9,7,-36,-15,-39,-6,-17,22,-18,-10,-1,-35,-14,-12,-22,-12,-22,-23,-14,0,-27,-12,-5,-31,-12,-3,-30,-12,-4,-29,-12,-3,-29
waggle(14), -12,-1,-29,-12,0,-29,-11,1,-36,-11,-67,-2,-14,24,-22,-14,9,-22,-19,-2,-16,-12,10,-33,-5,-41,-15,-13,9,-18,-15,-4,-39,-10,-3,-30,-13,-5,-29,-11,-1,-30
waggle(14), -13,-2,-29,-12,-3,-29,-13,0,-29,-13,-8,-13,-14,-5,-13,-11,7,-35,-11,-50,-7,-15,13,-29,-11,-37,-19,-13,2,-33,-12,-3,-27,-13,-4,-29,-13,-5,-29,-13,-3,-29
waggle(13), -13,-4,-30,-13,-5,-29,-14,3,-30,-12,-45,-4,-15,20,-26,-13,7,-11,-17,4,-13,-13,0,-23,-13,-21,-23,-11,3,-32,-14,-1,-30,-13,0,-28,-13,-1,-30
waggle(17), -13,-1,-30,-13,-1,-32,-10,-7,-31,-14,-2,-25,-13,1,-38,-15,-42,3,-12,22,-19,-9,3,-35,-12,-31,-11,-16,-4,-15,-13,9,-35,-10,-45,-19,-17,14,-24,-13,-6,-28,-13,0,-30,-13,-3,-29,-13,0,-30
waggle(16), -13,0,-30,-12,-2,-30,-12,-3,-27,-12,-3,-30,-13,0,-29,-13,-29,-12,-19,3,-16,-8,8,-41,-10,-49,-15,-13,18,-26,-14,-19,-12,-17,7,-17,-10,-1,-29,-11,-4,-32,-13,-1,-28,-12,-1,-30
waggle(15), -12,-1,-29,-13,-2,-28,-10,-36,-15,-13,15,-30,-12,-33,-10,-12,3,-30,-11,-51,-11,-15,19,-24,-11,-21,-19,-14,-3,-24,-10,-6,-32,-11,-2,-29,-11,-3,-31,-11,-2,-30,-11,-2,-30
waggle(16), -11,-2,-30,-12,0,-29,-13,-4,-28,-10,-48,-6,-15,5,-22,-11,-2,-19,-15,-25,-6,-10,13,-37,-9,-53,-13,-13,15,-29,-12,-42,-11,-14,-2,-25,-11,-16,-27,-12,-5,-28,-13,-7,-25,-11,-5,-30
waggle(18), -12,-5,-30,-13,-6,-30,-13,1,-30,-13,-33,-5,-15,0,-12,-10,2,-31,-12,-34,-13,-12,9,-30,-11,-43,-11,-11,13,-34,-11,-33,-19,-12,12,-29,-12,-6,-29,-11,-1,-30,-12,-3,-29,-12,-2,-29,-12,-3,-29,-12,-2,-30
waggle(17), -12,-3,-29,-12,-2,-30,-14,-6,-23,-10,-33,-18,-15,13,-30,-12,-50,-4,-16,12,-20,-10,-7,-15,-17,-12,-6,-11,-2,-28,-14,-26,-15,-11,7,-32,-13,-11,-28,-12,-1,-30,-12,-5,-32,-13,-3,-30,-13,-3,-28
waggle(14), -13,-3,-28,-13,-2,-28,-13,7,-27,-10,-42,-14,-12,24,-32,-13,-27,-2,-18,10,-21,-11,-13,-10,-17,-8,-13,-10,-6,-24,-15,-16,-17,-10,-1,-30,-13,-11,-28,-11,-7,-30
waggle(17), -12,-6,-28,-12,-6,-28,-13,-2,-33,-13,-34,-1,-15,-8,-9,-9,4,-31,-11,-45,-7,-14,8,-33,-15,-46,-2,-14,5,-22,-10,-32,-12,-11,-29,-9,-8,-29,-12,-12,-17,-23,-12,-10,-29,-12,-12,-28,-11,-9,-28
waggle(17), -12,-12,-28,-11,-9,-28,-11,-5,-30,-11,-4,-30,-12,-11,-18,-10,-36,-10,-13,9,-36,-14,-46,1,-15,6,-16,-10,3,-28,-12,-47,-4,-15,17,-30,-14,-44,-8,-15,7,-23,-11,-7,-30,-12,-3,-30,-13,-4,-28
waggle(17), -13,-4,-29,-13,-4,-28,-14,3,-26,-12,-49,-1,-15,10,-28,-13,-36,-3,-16,-7,-5,-9,0,-34,-12,-48,-6,-12,11,-32,-14,-51,-7,-15,-3,-21,-12,-14,-28,-12,-8,-28,-11,-8,-30,-10,-12,-30,-12,-9,-27
waggle(16), -11,-10,-30,-11,-11,-30,-12,0,-30,-12,0,-17,-12,-28,-12,-13,9,-34,-14,-30,0,-16,2,-11,-13,-3,-19,-16,-14,-13,-10,0,-33,-12,-38,-14,-14,4,-29,-14,-11,-27,-14,-7,-28,-14,-7,-29
waggle(18), -14,-7,-26,-14,-6,-28,-14,-3,-21,-14,-45,-5,-15,18,-31,-14,-28,-3,-14,3,-21,-12,-7,-22,-15,-33,-7,-14,4,-33,-12,-40,-12,-14,0,-28,-13,-40,-13,-14,-13,-20,-14,-15,-26,-14,-14,-24,-13,-10,-27,-12,-9,-29
waggle(16), -13,-10,-27,-12,-9,-29,-14,-10,-24,-12,-8,-28,-12,-2,-30,-14,-4,-25,-11,-43,-12,-14,12,-31,-15,-31,-3,-17,-2,-15,-11,-15,-19,-13,-35,-10,-13,22,-36,-13,-33,-18,-15,5,-25,-13,-9,-29
waggle(15), -14,-5,-28,-14,-5,-27,-15,1,-23,-13,-42,-7,-16,13,-29,-15,-34,-4,-17,-7,-6,-11,-13,-26,-15,-22,-14,-13,2,-31,-14,-15,-27,-14,-6,-27,-13,-8,-30,-14,-7,-28,-14,-8,-27
waggle(15), -14,-8,-27,-14,-5,-27,-14,-24,-16,-14,-12,-15,-10,2,-36,-14,-47,-13,-15,14,-29,-14,-37,-12,-18,-6,-8,-11,-12,-26,-15,-24,-19,-14,-3,-28,-14,-11,-29,-14,-7,-28,-14,-8,-27
waggle(14), -14,-8,-27,-14,-8,-27,-15,1,-26,-12,-48,-8,-17,-4,-18,-13,-3,-23,-15,-46,-2,-17,1,-19,-12,-17,-19,-15,-29,-11,-15,0,-27,-14,-12,-28,-14,-7,-28,-14,-9,-28
waggle(13), -14,-8,-28,-15,-7,-26,-12,-8,-30,-14,-5,-26,-12,-7,-28,-13,-13,-23,-14,-38,-3,-16,-8,-20,-12,4,-33,-13,-31,-14,-15,-19,-13,-12,9,-31,-11,-4,-32
waggle(14), -12,-3,-31,-12,-1,-29,-12,-13,-20,-13,-34,-11,-15,2,-26,-12,-6,-22,-13,-33,-13,-16,14,-25,-13,-18,-16,-15,-22,-17,-13,-8,-29,-13,-13,-27,-13,-6,-27,-13,-8,-29
waggle(14), -13,-6,-28,-13,-6,-28,-14,0,-23,-12,-42,-8,-16,3,-23,-13,-10,-18,-14,-21,-13,-12,6,-38,-15,-34,-8,-15,-6,-12,-11,-6,-31,-14,-17,-26,-13,-4,-29,-13,-9,-28
waggle(12), -16,6,-19,-12,4,-27,-11,-36,-16,-15,12,-31,-14,3,-21,-12,-40,-10,-16,7,-26,-13,-8,-29,-13,-4,-28,-13,-6,-29,-13,-4,-28,-13,-5,-28
waggle(15), -13,-4,-29,-13,-3,-28,-14,-4,-25,-12,-44,-7,-16,-3,-21,-11,-9,-21,-14,-30,-7,-13,13,-36,-14,-31,-9,-15,-13,-16,-12,-4,-31,-13,-7,-30,-13,-5,-28,-13,-4,-28,-13,-4,-29
waggle(18), -13,-5,-29,-13,-5,-30,-14,0,-31,-13,-37,-4,-18,-13,-8,-13,1,-31,-14,-47,-9,-16,3,-24,-13,-15,-11,-14,-37,-6,-15,1,-27,-14,-34,-15,-15,-15,-20,-15,-19,-22,-14,-16,-23,-15,-17,-23,-15,-15,-23,-14,-15,-25
waggle(17), -14,-14,-24,-14,-12,-26,-14,-17,-22,-15,-35,-11,-13,17,-35,-13,-14,-13,-13,0,-21,-13,4,-33,-13,-47,-7,-19,0,-17,-14,-22,-13,-17,-19,-10,-12,0,-31,-15,-22,-22,-14,-1,-30,-15,-12,-26,-15,-6,-27
waggle(14), -14,-6,-28,-13,-6,-30,-13,-2,-29,-13,-24,-19,-17,-24,-11,-15,11,-30,-15,-14,-14,-14,-22,-14,-15,12,-31,-16,-32,-12,-16,-19,-13,-14,-2,-28,-14,-4,-30,-14,-1,-28
waggle(14), -14,-4,-30,-14,-1,-28,-14,-5,-28,-14,-4,-28,-14,-4,-28,-15,0,-25,-13,-37,-13,-15,4,-19,-11,0,-27,-12,-31,-17,-16,10,-30,-14,-38,-14,-17,-6,-20,-13,-7,-31
waggle(14), -14,-7,-28,-14,-6,-28,-14,6,-27,-14,-49,-5,-17,-3,-16,-12,-14,-21,-13,-37,-12,-18,11,-28,-16,-38,-12,-18,-10,-14,-14,-9,-28,-15,-15,-25,-15,-7,-27,-15,-12,-26
waggle(14), -15,-10,-26,-15,-9,-24,-15,-3,-21,-11,2,-35,-15,-40,-7,-16,-1,-17,-13,-5,-24,-15,-12,-20,-13,2,-29,-13,-31,-20,-16,11,-28,-13,-9,-27,-14,-4,-28,-14,-6,-28
waggle(16), -14,-6,-28,-14,-5,-29,-15,-6,-24,-13,-21,-21,-14,9,-34,-15,-34,-11,-16,-11,-13,-13,-1,-26,-13,-32,-19,-17,9,-25,-13,-6,-30,-14,-1,-29,-14,-4,-29,-14,-3,-29,-14,-4,-28,-14,-1,-29
waggle(13), -14,-4,-28,-14,-1,-29,-14,-17,-15,-16,-19,-12,-13,8,-35,-15,-52,-6,-16,4,-22,-14,-15,-15,-15,-22,-13,-15,0,-30,-15,-12,-27,-15,-6,-27,-14,-8,-27
waggle(15), -14,-8,-26,-14,-8,-28,-16,0,-31,-15,-41,-7,-18,-2,-14,-12,-12,-23,-15,-23,-13,-14,6,-33,-14,-45,-9,-16,-8,-20,-15,-37,-12,-16,-3,-20,-13,-3,-30,-13,-3,-30,-14,-4,-27
waggle(16), -14,-4,-27,-13,-5,-28,-12,-8,-31,-13,-4,-29,-13,-2,-28,-14,4,-31,-15,-38,-6,-14,-13,-11,-14,8,-36,-16,-44,-5,-16,5,-15,-12,-5,-25,-14,-25,-16,-13,4,-34,-14,-18,-25,-14,-9,-27
waggle(15), -14,-10,-27,-14,-9,-27,-15,-1,-30,-15,-46,-3,-18,-7,-10,-12,-1,-29,-15,-39,-11,-15,11,-32,-15,-38,-10,-16,-6,-18,-12,-9,-28,-14,-13,-26,-14,-9,-29,-14,-11,-27,-14,-9,-26
waggle(13), -14,-10,-26,-14,-7,-25,-13,-42,-9,-15,6,-30,-13,-14,-14,-15,-20,-14,-14,4,-36,-15,-40,-3,-18,-11,-11,-13,-13,-24,-15,-21,-22,-14,-11,-26,-14,-14,-25
waggle(15), -14,-13,-25,-14,-13,-24,-15,0,-32,-14,-44,-7,-17,2,-16,-13,0,-27,-14,-27,-18,-14,4,-31,-16,-42,-9,-18,2,-23,-14,-18,-18,-15,-19,-19,-15,-9,-26,-14,-12,-27,-14,-9,-27
waggle(14), -14,-10,-26,-14,-10,-27,-15,0,-20,-13,-42,-4,-19,7,-25,-14,-25,-12,-16,-14,-11,-12,0,-27,-15,-42,-8,-17,-6,-23,-16,-16,-24,-15,-15,-23,-15,-13,-25,-15,-13,-24
waggle(17), -15,-13,-24,-15,-12,-25,-16,-7,-27,-16,-40,-4,-17,0,-15,-13,-2,-24,-15,-24,-18,-15,6,-32,-17,-43,-6,-19,2,-18,-13,-19,-14,-16,-24,-10,-14,4,-32,-15,-13,-27,-15,-6,-27,-15,-8,-25,-14,-8,-28
waggle(15), -14,-8,-28,-15,-8,-27,-15,-1,-26,-16,-46,2,-17,-9,-10,-12,-9,-23,-15,-33,-10,-16,8,-33,-17,-42,-10,-18,10,-24,-14,-17,-21,-15,-9,-25,-15,-8,-29,-15,-10,-26,-15,-8,-26
waggle(16), -15,-9,-28,-15,-7,-28,-16,-18,-15,-16,-13,-13,-12,8,-37,-17,-49,-1,-17,7,-26,-15,-24,-7,-15,-26,-5,-14,10,-37,-15,-39,-11,-16,3,-25,-15,-13,-26,-15,-11,-25,-15,-10,-27,-15,-10,-26
waggle(17), -15,-10,-26,-15,-9,-27,-15,-2,-20,-15,-45,-1,-18,5,-21,-14,-8,-15,-15,-34,-7,-17,9,-33,-16,-23,-9,-16,-22,-7,-14,0,-27,-15,-38,-13,-17,-7,-21,-16,-16,-25,-15,-9,-27,-15,-8,-27,-15,-8,-27
waggle(16), -15,-8,-27,-15,-9,-27,-15,-5,-30,-16,-30,-5,-17,-15,-8,-13,-1,-25,-16,-42,-9,-19,8,-23,-15,-36,-7,-17,-19,-3,-13,0,-33,-16,-17,-26,-15,-3,-28,-15,-10,-25,-14,-8,-28,-15,-8,-27
waggle(14), -14,-8,-28,-15,-8,-27,-16,0,-30,-16,-44,-2,-18,-8,-10,-13,-7,-24,-15,-41,-10,-17,1,-26,-17,-39,-10,-18,-4,-15,-14,-6,-30,-15,-11,-27,-15,-6,-27,-15,-8,-28
waggle(15), -15,-7,-28,-15,-6,-29,-15,-8,-20,-15,-37,-10,-17,7,-26,-13,-16,-19,-15,-32,-9,-17,14,-33,-15,-24,-12,-15,-21,-14,-15,-3,-28,-15,-6,-29,-14,-2,-29,-14,-4,-28,-15,-4,-28
waggle(15), -15,-4,-28,-14,-4,-30,-15,-14,-16,-15,-25,-12,-17,16,-31,-16,-34,-6,-17,-14,-10,-15,4,-28,-16,-45,-9,-18,1,-17,-13,-5,-30,-15,-10,-26,-15,-5,-28,-15,-8,-27,-15,-5,-28
waggle(16), -15,-8,-27,-15,-5,-28,-15,-2,-31,-16,-23,-7,-16,-19,-9,-15,11,-35,-17,-46,-9,-17,6,-23,-15,-18,-10,-16,-14,-11,-14,2,-32,-15,-29,-22,-15,-7,-25,-15,-14,-24,-15,-12,-26,-15,-13,-24
waggle(15), -15,-13,-24,-16,-11,-24,-15,-8,-27,-14,2,-33,-17,-43,-4,-18,0,-13,-12,1,-36,-15,-40,-11,-16,-1,-22,-15,-3,-20,-14,-38,-10,-19,0,-20,-15,-9,-26,-16,-12,-25,-16,-9,-26
waggle(14), -16,-8,-26,-16,-8,-25,-14,3,-35,-19,-28,-2,-12,-22,-10,-17,10,-34,-15,-30,-9,-15,-16,-13,-16,-2,-23,-16,-32,-13,-16,-25,-11,-18,-18,-15,-16,-4,-28,-15,-8,-28
waggle(11), -16,-4,-28,-15,-8,-28,-16,-6,-24,-15,-8,-28,-15,-7,-28,-16,-7,-26,-16,2,-18,-12,-39,-10,-21,0,-19,-16,-24,-11,-15,-26,-11
waggle(15), -16,-16,-22,-16,-14,-23,-17,-1,-30,-17,-42,-2,-20,-14,-5,-15,1,-25,-18,-44,-4,-20,2,-24,-17,-32,-4,-18,-20,-7,-16,-12,-19,-17,-27,-16,-17,-10,-22,-16,-15,-25,-17,-10,-25
waggle(14), -16,-12,-26,-16,-8,-26,-16,-2,-19,-15,-42,-4,-20,2,-13,-13,-4,-22,-15,-20,-17,-15,7,-32,-18,-40,-4,-19,0,-17,-14,-13,-21,-16,-20,-19,-16,-8,-26,-15,-15,-25
waggle(11), -16,-8,-26,-15,-15,-25,-16,-10,-24,-16,-13,-24,-16,-3,-28,-15,2,-22,-15,-45,-4,-21,9,-18,-15,-20,-13,-17,-10,-16,-15,-4,-21
waggle(11), -17,-10,-16,-15,-4,-21,-16,-36,-11,-19,-15,-11,-15,-5,-30,-17,-25,-20,-18,-10,-22,-17,-14,-23,-16,-11,-25,-16,-10,-26,-17,-11,-25
waggle(14), -16,-10,-26,-17,-11,-25,-16,-4,-29,-15,-29,-9,-18,-18,-7,-15,11,-34,-17,-48,-9,-20,6,-24,-17,-32,-8,-17,-17,-11,-15,-6,-27,-16,-19,-23,-16,-10,-25,-16,-13,-26
waggle(15), -16,-10,-26,-16,-12,-24,-16,-2,-30,-17,-44,-2,-19,-5,-12,-14,-4,-24,-15,-31,-15,-16,4,-27,-17,-39,-9,-19,-9,-14,-14,-7,-30,-15,-14,-26,-16,-8,-24,-15,-11,-26,-15,-9,-28
waggle(18), -15,-11,-26,-15,-9,-28,-16,-10,-24,-15,-10,-28,-15,-13,-26,-15,9,-30,-15,-44,-11,-19,11,-19,-14,0,-37,-15,-39,-14,-18,6,-27,-15,-38,-15,-18,9,-27,-16,-32,-20,-17,-3,-25,-17,-17,-24,-17,-10,-24,-16,-12,-25
waggle(15), -16,-12,-25,-17,-10,-22,-16,-13,-26,-16,-7,-27,-16,-11,-19,-17,-28,-10,-17,12,-32,-17,-33,-10,-18,1,-23,-16,-24,-14,-19,0,-22,-15,-22,-17,-18,-9,-21,-17,-14,-24,-17,-15,-21
waggle(17), -17,-13,-24,-16,-12,-26,-17,-15,-22,-17,2,-31,-17,-39,-5,-19,2,-16,-14,-5,-21,-17,-25,-13,-17,-1,-24,-16,-37,-14,-17,11,-31,-16,-24,-21,-17,-9,-23,-16,-12,-25,-16,-12,-25,-16,-11,-25,-16,-11,-25
waggle(17), -16,-11,-25,-17,-13,-24,-16,6,-33,-17,-45,-7,-19,2,-15,-14,-4,-18,-15,-40,-5,-19,11,-27,-18,-42,-8,-20,7,-13,-14,0,-29,-17,-18,-23,-17,-2,-27,-17,-14,-25,-17,-9,-25,-17,-10,-24,-16,-9,-26
waggle(15), -17,-10,-24,-16,-9,-26,-16,-12,-23,-17,-15,-22,-16,2,-31,-19,-39,4,-17,-14,-7,-15,-1,-30,-17,-25,-18,-15,12,-34,-17,-17,-16,-17,-16,-17,-17,-9,-24,-17,-13,-24,-17,-11,-25
waggle(15), -17,-11,-25,-17,-9,-24,-16,5,-30,-17,-45,-6,-20,6,-15,-15,2,-26,-15,-32,-13,-19,15,-30,-17,-43,-14,-17,8,-25,-16,-13,-25,-16,-7,-25,-16,-7,-26,-16,-8,-26,-16,-8,-26
waggle(16), -16,-8,-26,-16,-8,-27,-16,-3,-29,-16,-15,-13,-17,-28,-7,-19,13,-30,-17,-32,-12,-18,-1,-23,-17,-33,-8,-20,-11,-8,-15,-3,-29,-18,-19,-23,-17,-4,-26,-16,-11,-25,-16,-8,-26,-17,-9,-26
waggle(13), -16,-8,-26,-17,-6,-26,-16,4,-32,-18,-47,-2,-19,8,-20,-15,-16,-14,-17,-19,-15,-16,-18,-15,-17,-22,-12,-15,-8,-24,-16,-25,-20,-17,-12,-22,-17,-16,-22
waggle(16), -16,-14,-23,-17,-12,-24,-16,-26,-17,-15,7,-34,-18,-32,-8,-17,-15,-13,-14,5,-25,-15,-35,-14,-19,8,-27,-17,-27,-20,-19,-1,-21,-15,-8,-27,-16,-16,-23,-17,-4,-26,-16,-12,-27,-16,-7,-25
waggle(15), -17,-9,-25,-17,-9,-26,-17,3,-30,-18,-46,0,-20,-5,-10,-15,-7,-22,-17,-31,-10,-18,2,-26,-18,-44,-10,-20,14,-27,-18,-27,-17,-18,-14,-19,-18,-14,-21,-17,-15,-23,-18,-13,-23
waggle(16), -18,-13,-23,-17,-13,-24,-17,-7,-24,-17,-31,-12,-19,3,-20,-15,-17,-12,-17,-34,-10,-21,-8,-16,-16,-32,-13,-19,9,-29,-18,-21,-16,-19,-11,-17,-17,-6,-25,-18,-13,-23,-18,-7,-25,-18,-11,-24
waggle(16), -18,-9,-25,-19,-8,-26,-17,-25,-4,-19,-21,-6,-18,0,-23,-19,-45,-6,-20,14,-26,-18,-46,-8,-21,3,-22,-18,-32,-16,-17,-1,-28,-19,-16,-23,-18,-6,-24,-18,-13,-23,-18,-10,-25,-18,-11,-23
waggle(14), -18,-10,-25,-18,-10,-25,-18,-2,-31,-21,-37,9,-19,-13,-9,-19,-16,-10,-19,-20,-6,-17,5,-30,-17,-36,-16,-17,0,-23,-20,-25,-17,-17,-11,-20,-20,-19,-19,-20,-13,-20
waggle(15), -19,-14,-22,-19,-13,-20,-19,0,-25,-17,2,-12,-18,-29,-7,-20,9,-35,-20,-42,-2,-21,-5,-5,-17,5,-31,-19,-46,-9,-22,0,-14,-18,-6,-25,-18,-7,-27,-19,-3,-26,-18,-5,-26
waggle(15), -18,-5,-25,-18,-5,-26,-18,-1,-27,-18,8,-17,-17,-17,-14,-20,6,-24,-18,2,-34,-20,-22,-1,-22,3,-14,-18,2,-30,-20,-40,-4,-22,-3,-13,-18,-7,-19,-22,-4,-18,-18,4,-28
waggle(13), -22,-4,-18,-18,4,-28,-19,-24,-15,-20,4,-22,-18,-3,-26,-19,-5,-26,-19,-5,-27,-20,-7,-23,-19,16,-33,-18,-52,6,-21,18,-18,-19,0,-14,-23,-14,-9
waggle(25), -19,0,-14,-23,-14,-9,-18,3,-29,-18,-47,-12,-19,16,-25,-20,-23,-17,-20,13,-24,-20,-12,-20,-22,-5,-20,-20,1,-29,-20,-19,-20,-23,-2,-18,-20,-2,-15,-20,-28,-12,-20,13,-30,-19,-38,-13,-21,12,-19,-19,0,-31,-20,-34,-11,-23,6,-19,-20,-15,-14,-22,4,-22,-19,-12,-20,-22,-6,-19,-20,-5,-27
waggle(16), -20,-6,-24,-20,-7,-23,-20,7,-30,-21,-38,-3,-21,7,-14,-20,-15,-11,-22,-6,-12,-19,5,-26,-20,-44,-8,-22,14,-25,-19,-34,-16,-20,7,-23,-19,-7,-25,-20,-6,-25,-21,-6,-24,-20,-6,-24
waggle(14), -21,-6,-24,-20,-6,-24,-21,-4,-22,-21,-5,-23,-21,-1,-25,-21,-2,-16,-20,-28,-9,-22,12,-27,-21,-23,-8,-22,-8,-17,-21,-35,-5,-22,-4,-11,-19,-8,-21,-23,-15,-13
waggle(11), -19,-8,-21,-23,-15,-13,-19,6,-30,-20,-38,-13,-21,6,-25,-21,-22,-18,-21,-9,-20,-21,-13,-21,-21,-8,-21,-21,-13,-10,-23,-27,-5
waggle(15), -21,-13,-10,-23,-27,-5,-21,7,-30,-21,-38,-5,-22,10,-24,-21,-29,-6,-24,-5,-8,-19,-10,-19,-21,-26,-13,-20,4,-27,-20,-18,-21,-20,-6,-22,-20,-10,-23,-21,-10,-22,-21,-9,-23
waggle(15), -21,-10,-22,-21,-9,-23,-21,-15,-14,-20,-26,-7,-18,14,-32,-20,-25,-15,-21,3,-20,-19,-7,-23,-22,-11,-16,-19,2,-27,-19,-28,-16,-20,8,-24,-19,-8,-26,-20,-3,-24,-20,-5,-24
waggle(13), -20,-5,-24,-20,-3,-25,-20,-4,-18,-22,-26,-8,-20,14,-27,-20,-6,-21,-18,-20,-17,-23,-7,-17,-18,-12,-20,-24,-4,-13,-18,0,-29,-19,-16,-21,-19,-1,-24
